889602
889605
889642
889612
889615
889639
889574
889601
889589
889600
889603
889637
889645
889607
889609
889604
889631
889580
889583
889620
889599
889581
889614
889640
889617
889573
889593
889608
889634
889575
889577
889588
889596
889598
889606
889616
889628
889633
889636
889641
889643
889584
889585
889587
889611
889618
889621
889594
889638
889570
889571
889576
889624
889619
889613
889627
889630
889591
889635
889626
889646
889572
889578
889579
889582
889586
889590
889592
889595
889597
889610
889622
889623
889625
889629
889632
889644