902485
902441
902457
902474
902478
902480
902488
902499
902472
902492
902494
902444
902448
902466
902496
902510
902463
902486
902470
902503
902447
902469
902498
902508
902438
902439
902459
902449
902462
902500
902506
902509
902453
902461
902482
902497
902465
902477
902490
902493
902504
902505
902507
902440
902443
902471
902501
902446
902442
902468
902473
902479
902491
902451
902445
902458
902495
902483
902454
902464
902475
902476
902481
902484
902487
902489
902502
902450
902452
902455
902456
902460
902467