902727
902760
902763
902738
902701
902721
902743
902698
902746
902761
902751
902704
902732
902764
902766
902713
902733
902767
902712
902731
902734
902748
902759
902762
902765
902729
902702
902707
902703
902710
902714
902753
902769
902741
902747
902750
902718
902736
902739
902745
902752
902768
902754
902697
902705
902709
902720
902724
902726
902740
902744
902755
902699
902706
902711
902719
902757
902700
902708
902715
902716
902717
902722
902723
902725
902728
902730
902735
902737
902742
902749
902756
902758