914660
914707
914641
914644
914647
914653
914657
914659
914662
914664
914668
914699
914711
914718
914682
914686
914687
914706
914661
914642
914643
914654
914656
914667
914670
914677
914684
914692
914719
914650
914708
914690
914685
914638
914640
914671
914693
914666
914675
914698
914678
914681
914683
914704
914710
914721
914694
914696
914717
914651
914663
914709
914646
914665
914648
914649
914673
914695
914722
914689
914705
914712
914703
914658
914680
914676
914639
914655
914669
914688
914702
914714
914723
914652
914672
914679
914691
914697
914700
914701
914715
914716
914645
914674
914713
914720