916449
916388
916392
916400
916391
916415
916424
916382
916384
916404
916410
916420
916379
916394
916402
916422
916443
916378
916401
916428
916393
916395
916430
916447
916438
916399
916429
916377
916383
916386
916389
916396
916397
916412
916419
916423
916427
916431
916432
916433
916437
916439
916440
916441
916442
916446
916448
916380
916381
916385
916387
916390
916398
916403
916405
916406
916407
916408
916409
916411
916413
916414
916416
916417
916418
916421
916425
916426
916434
916435
916436
916444
916445