923346
923356
923351
923384
923387
923409
923414
923419
923375
923404
923350
923352
923380
923381
923395
923347
923402
923410
923361
923353
923415
923385
923359
923406
923363
923366
923377
923379
923386
923392
923349
923360
923378
923403
923348
923370
923374
923388
923391
923394
923405
923383
923345
923376
923412
923417
923364
923372
923365
923354
923367
923413
923399
923355
923358
923400
923411
923369
923393
923397
923357
923362
923368
923371
923373
923382
923389
923390
923396
923398
923401
923407
923408
923416
923418