937204
937237
937258
937260
937263
937264
937231
937210
937205
937213
937193
937196
937197
937221
937236
937238
937243
937244
937248
937202
937212
937223
937230
937235
937252
937251
937255
937253
937249
937203
937207
937209
937214
937220
937229
937246
937257
937261
937250
937194
937228
937259
937224
937200
937206
937211
937219
937232
937247
937216
937225
937234
937240
937254
937262
937217
937198
937227
937242
937218
937233
937215
937222
937195
937199
937201
937208
937226
937239
937241
937245
937256