939409
939411
939430
939452
939453
939438
939466
939402
939421
939451
939472
939450
939404
939399
939419
939420
939426
939443
939462
939463
939433
939442
939460
939406
939386
939389
939397
939408
939413
939414
939431
939436
939441
939447
939457
939458
939461
939465
939468
939470
939432
939396
939380
939422
939448
939382
939395
939428
939429
939407
939437
939471
939455
939454
939424
939387
939401
939403
939405
939384
939388
939391
939410
939412
939415
939434
939440
939456
939398
939425
939445
939449
939469
939381
939393
939400
939423
939383
939385
939390
939392
939394
939416
939417
939418
939427
939435
939439
939444
939446
939459
939464
939467