975904
975915
975942
975964
975970
975967
975901
975939
975954
975961
975913
975914
975903
975908
975918
975926
975934
975938
975962
975922
975949
975945
975911
975917
975924
975932
975935
975943
975946
975951
975952
975958
975959
975960
975966
975929
975931
975953
975955
975948
975900
975905
975950
975925
975940
975971
975972
975930
975921
975920
975957
975956
975968
975902
975907
975936
975899
975906
975909
975910
975912
975916
975919
975923
975927
975928
975933
975937
975941
975944
975947
975963
975965
975969