952517
952518
952519
952520
952521
952522
952523
952524
952525
952526
952527
952528
952529
952530
952531
952532
952533
952534
952535
952536
952537
952538
952539
952540
952541
952542
952543
952544
952545
952546
952547
952548
952549
952550
952551
952552
952553
952554
952559
952555
952556
952557
952558
952560
952561
952562
952563
952564
952565
952566
952567
952568
952569
952570
952571
952572
952582
952573
952574
952575
952576
952577
952578
952579
952580
952581
952583
952584
952585
952586
952587
952588
952589
952590
952591
952592
952593
952594