952938
952939
952940
952941
952942
952943
952944
952945
952946
952947
952948
952949
952950
952951
952952
952955
952956
952957
952958
952959
952960
952961
952953
952954
952962
952963
952964
952965
952966
952967
952968
952969
952975
952976
952977
952978
952972
952970
952971
952973
952974
952979
952980
952981
952982
952983
952984
952985
952986
952987
952988
952989
952990
952991
952992
952993
953000
953001
952994
952995
952996
952997
952998
952999
953002
953003
953004
953005
953006
953007
953008
953009