953323
953324
953325
953326
953327
953328
953329
953330
953331
953332
953333
953334
953335
953336
953337
953338
953341
953342
953343
953344
953339
953340
953345
953346
953347
953348
953349
953350
953351
953352
953353
953354
953355
953364
953369
953356
953357
953358
953359
953360
953361
953362
953363
953365
953366
953367
953368
953370
953371
953372
953373
953374
953375
953376
953386
953387
953388
953377
953378
953379
953380
953381
953382
953383
953384
953385
953389
953390
953391
953392
953393
953394
953395
953396
953397
953398
953399
953400
953401
953402
953403
953404