953609
953610
953611
953612
953613
953614
953615
953616
953617
953618
953619
953620
953621
953622
953623
953624
953625
953627
953628
953629
953630
953631
953626
953632
953633
953634
953635
953636
953637
953638
953639
953640
953641
953642
953652
953643
953644
953645
953646
953647
953648
953649
953650
953651
953653
953654
953655
953656
953657
953658
953659
953660
953661
953662
953663
953664
953675
953676
953677
953678
953665
953666
953667
953668
953669
953670
953671
953672
953673
953674
953679
953680
953681
953682
953683
953684
953685
953686