957296
957297
957298
957299
957300
957301
957302
957303
957304
957305
957306
957307
957308
957309
957310
957311
957312
957314
957313
957315
957319
957320
957321
957316
957317
957318
957322
957323
957324
957325
957326
957327
957328
957329
957330
957331
957332
957333
957334
957335
957336
957337
957338
957339
957340
957352
957341
957342
957343
957344
957345
957346
957347
957348
957349
957350
957351
957353
957354
957355
957356
957357
957358
957359
957360
957368
957361
957362
957363
957364
957365
957366
957367
957369
957370
957371
957372
957373
957374
957375
957376
957377
957378
957379
957380
957381