957697
957698
957699
957700
957701
957717
957702
957703
957704
957705
957706
957707
957708
957709
957710
957711
957712
957713
957714
957715
957716
957718
957719
957720
957721
957722
957723
957724
957728
957729
957730
957731
957725
957726
957727
957732
957733
957734
957735
957736
957737
957738
957739
957740
957741
957742
957745
957746
957743
957744
957747
957748
957749
957750
957751
957752
957753
957754
957755
957756
957757
957758
957764
957765
957759
957760
957761
957762
957763
957766
957767
957768
957769
957770
957771
957772
957773