957774
957775
957776
957777
957778
957779
957780
957781
957782
957783
957784
957785
957786
957787
957788
957789
957790
957791
957792
957793
957794
957795
957796
957797
957798
957799
957800
957801
957804
957802
957803
957805
957807
957808
957809
957810
957811
957812
957813
957814
957815
957806
957816
957817
957818
957819
957820
957821
957822
957823
957824
957837
957825
957826
957827
957828
957829
957830
957831
957832
957833
957834
957835
957836
957838
957839
957840
957841
957842
957843
957844
957845
957846
957847
957854
957848
957849
957850
957851
957852
957853
957855
957856
957857
957858
957859