960747
960748
960749
960750
960751
960752
960753
960754
960755
960756
960757
960758
960759
960760
960761
960762
960763
960764
960765
960766
960767
960768
960771
960769
960770
960772
960773
960774
960775
960777
960776
960778
960779
960780
960781
960782
960783
960784
960785
960786
960787
960788
960789
960790
960791
960792
960793
960794
960795
960796
960797
960798
960799
960800
960801
960805
960806
960807
960802
960803
960804
960808
960809
960810
960811
960812
960813
960814
960815
960816
960817
960818
960819
960820