962103
962104
962105
962106
962107
962108
962109
962110
962141
962142
962148
962112
962113
962114
962115
962116
962117
962118
962119
962120
962122
962123
962124
962125
962121
962126
962127
962129
962130
962131
962133
962134
962135
962136
962137
962140
962143
962144
962145
962146
962147
962138
962139
962149
962150
962152
962153
962154
962155
962156
962157
962158
962159
962160
962161
962162
962163
962164
962165
962166
962167
962168
962169
962170
962171
962151
962172
962173
962174
962175
962176
962177
962178