963153
963154
963155
963156
963157
963158
963159
963160
963161
963162
963163
963164
963165
963166
963167
963168
963169
963170
963171
963172
963173
963174
963175
963176
963177
963178
963183
963184
963185
963186
963179
963180
963181
963182
963187
963188
963189
963190
963191
963192
963193
963194
963195
963196
963197
963198
963199
963200
963201
963202
963203
963204
963205
963206
963207
963208
963209
963210
963211
963212
963213
963214
963215
963216
963217
963218
963219
963220
963221
963222
963223
963224
963225
963231
963226
963227
963228
963229
963230
963232
963233
963234
963235