963906
963907
963908
963909
963910
963911
963912
963913
963905
963914
963915
963916
963917
963918
963919
963920
963921
963922
963923
963924
963925
963926
963927
963928
963929
963931
963932
963930
963933
963934
963935
963936
963937
963938
963939
963942
963943
963944
963945
963940
963941
963946
963947
963948
963949
963950
963951
963960
963961
963962
963952
963953
963954
963955
963956
963957
963958
963959
963963
963964
963965
963966
963967
963968
963969
963970
963971
963972
963973
963974
963975
963976
963977
963978