964697
964698
964699
964700
964701
964702
964703
964704
964705
964706
964707
964708
964709
964710
964711
964712
964713
964714
964717
964718
964719
964715
964716
964720
964721
964722
964723
964724
964725
964726
964727
964728
964729
964730
964731
964732
964733
964734
964735
964747
964748
964749
964736
964737
964738
964739
964740
964741
964742
964743
964744
964745
964746
964750
964751
964752
964753
964754
964765
964755
964756
964757
964758
964759
964760
964761
964762
964763
964764
964766
964767
964768
964769
964770
964771
964772