966097
966098
966099
966100
966101
966102
966103
966104
966105
966106
966107
966108
966109
966110
966111
966112
966113
966114
966115
966116
966117
966118
966119
966120
966121
966124
966125
966126
966122
966123
966127
966128
966129
966130
966131
966143
966144
966145
966132
966133
966134
966135
966136
966137
966138
966139
966140
966141
966142
966146
966147
966148
966149
966150
966151
966152
966153
966154
966155
966156
966157
966158
966159
966160
966161
966162
966163
966164
966165
966166
966167
966168
966169