966893
966894
966895
966896
966897
966898
966899
966900
966901
966902
966903
966904
966905
966906
966907
966908
966909
966910
966911
966912
966913
966914
966915
966916
966917
966921
966922
966918
966919
966920
966923
966924
966925
966926
966927
966928
966929
966930
966931
966932
966933
966934
966935
966936
966937
966938
966939
966940
966941
966942
966943
966944
966945
966946
966947
966948
966949
966950
966951
966952
966953
966960
966961
966954
966955
966956
966957
966958
966959
966962
966963
966964
966965
966966
966977
966967
966968
966969
966970
966971
966972
966973
966974
966975
966976
966978
966979
966980
966981
966982
966983
966984
966985
966986