968818
968819
968820
968821
968822
968823
968824
968825
968826
968827
968828
968829
968830
968831
968832
968833
968834
968835
968836
968837
968838
968839
968840
968841
968842
968843
968844
968845
968846
968847
968848
968849
968850
968851
968852
968853
968854
968859
968860
968861
968862
968863
968864
968855
968856
968857
968858
968865
968866
968867
968868
968869
968870
968871
968872
968879
968873
968874
968875
968876
968877
968878
968880
968881
968882
968883
968884
968885
968886
968887
968888
968896
968897
968898
968889
968890
968891
968892
968893
968894
968895
968899
968900