969397
969398
969399
969400
969401
969402
969403
969404
969405
969406
969407
969408
969409
969410
969411
969412
969413
969414
969416
969417
969418
969419
969415
969420
969421
969422
969423
969424
969425
969426
969427
969428
969429
969430
969431
969432
969433
969434
969435
969436
969437
969438
969439
969440
969441
969442
969443
969444
969445
969446
969447
969448
969449
969450
969451
969452
969453
969454
969455
969456
969457
969458
969459
969460
969461
969462
969463
969464
969465
969474
969475
969466
969467
969468
969469
969470
969471
969472
969473
969476
969477
969478
969479
969487
969488
969489
969480
969481
969482
969483
969484
969485
969486
969490
969491