969627
969628
969629
969630
969631
969632
969633
969634
969635
969636
969637
969638
969639
969640
969641
969642
969643
969644
969645
969647
969646
969648
969649
969650
969651
969652
969653
969654
969655
969656
969657
969658
969659
969660
969661
969662
969663
969664
969665
969666
969667
969668
969669
969670
969671
969672
969673
969678
969674
969675
969676
969677
969679
969680
969681
969682
969683
969684
969685
969686
969687
969694
969688
969689
969690
969691
969692
969693
969695
969696
969697
969698
969699