970020
970021
970022
970023
970024
970025
970026
970027
970028
970029
970030
970031
970032
970033
970034
970035
970036
970037
970038
970039
970040
970041
970042
970043
970044
970045
970046
970047
970048
970049
970050
970051
970052
970053
970059
970060
970061
970062
970063
970064
970054
970055
970056
970057
970058
970065
970066
970067
970068
970069
970070
970071
970072
970073
970074
970075
970076
970077
970078
970079
970080
970084
970085
970086
970081
970082
970083
970087
970088
970089
970090
970091
970102
970109
970092
970093
970094
970095
970096
970097
970098
970099
970100
970101
970103
970104
970105
970106
970107
970108
970116
970117
970118
970110
970111
970112
970113
970114
970115
970119
970120
970121
970122
970123
970124
970125
970126
970127
970128
970129
970130
970131
970132
970133
970134
970135