970505
970506
970507
970508
970509
970510
970511
970512
970513
970514
970515
970516
970517
970518
970519
970520
970521
970522
970523
970524
970525
970526
970527
970528
970529
970530
970531
970532
970533
970535
970536
970537
970538
970539
970534
970540
970541
970542
970543
970544
970545
970546
970547
970548
970549
970550
970551
970552
970553
970554
970555
970556
970557
970558
970559
970560
970561
970565
970568
970569
970570
970571
970562
970563
970564
970566
970567
970572
970573
970574
970575
970576
970577
970578
970579
970580
970581
970582
970583
970584
970585
970586
970587
970588
970589
970590
970591
970592
970593
970594
970595
970596
970597
970598
970599