970973
970974
970975
970976
970977
970978
970979
970980
970981
970982
970983
970984
970985
970986
970987
970988
970989
970990
970991
970992
970993
970994
970995
970996
970997
970998
970999
971000
971001
971002
971003
971004
971005
971006
971007
971008
971009
971010
971011
971016
971017
971018
971019
971020
971012
971013
971014
971015
971021
971022
971023
971024
971025
971026
971027
971028
971029
971030
971031
971032
971033
971034
971035
971036
971037
971038
971039
971040
971041
971042
971043
971044
971045
971046
971047
971048
971049
971050
971051
971052
971057
971053
971054
971055
971056
971058
971059
971060
971061
971062
971063
971064
971065
971066