972738
972739
972740
972741
972742
972743
972744
972745
972746
972747
972748
972749
972750
972751
972752
972753
972754
972755
972756
972757
972758
972759
972760
972761
972762
972763
972764
972765
972766
972767
972768
972769
972770
972771
972772
972773
972774
972781
972782
972775
972776
972777
972778
972779
972780
972783
972784
972785
972786
972787
972788
972789
972790
972791
972792
972798
972799
972793
972794
972795
972796
972797
972800
972801
972802
972803
972804
972805
972806
972807
972808
972809
972810
972811
972812