973330
973331
973332
973333
973334
973335
973336
973337
973338
973339
973340
973341
973342
973343
973344
973345
973346
973347
973348
973349
973350
973351
973352
973353
973354
973355
973356
973357
973358
973359
973360
973361
973362
973363
973364
973365
973366
973367
973368
973369
973370
973371
973372
973373
973374
973375
973376
973377
973378
973379
973380
973381
973382
973383
973391
973392
973393
973384
973385
973386
973387
973388
973389
973390
973394
973395
973396
973397
973398
973399
973400
973407
973408
973401
973402
973403
973404
973405
973406
973409
973410
973411
973412
973413
973414
973415
973416
973417
973418
973419
973420
973421