975275
975276
975277
975278
975279
975280
975281
975282
975283
975284
975285
975286
975287
975288
975289
975290
975291
975292
975293
975294
975295
975296
975297
975298
975299
975300
975301
975302
975303
975304
975305
975306
975307
975308
975309
975310
975311
975312
975313
975314
975315
975316
975317
975318
975319
975320
975321
975322
975323
975324
975325
975326
975327
975328
975333
975334
975329
975330
975331
975332
975335
975336
975337
975338
975339
975340
975341
975342
975343
975344
975345
975346
975347
975348
975349
975350
975351
975355
975352
975353
975354
975356
975357
975358
975359
975360
975361
975362
975363