983330
983331
983332
983333
983334
983335
983336
983337
983338
983339
983340
983341
983342
983343
983344
983345
983346
983347
983348
983349
983350
983351
983352
983353
983354
983355
983356
983357
983358
983359
983360
983361
983362
983363
983364
983365
983366
983367
983368
983369
983370
983371
983372
983373
983374
983375
983376
983377
983378
983379
983380
983381
983382
983383
983384
983385
983386
983387
983388
983389
983390
983391
983392
983393
983394
983395
983396
983397
983398
983399
983400
983401
983402
983403
983404
983405