983472
983473
983474
983475
983476
983477
983478
983479
983480
983481
983482
983483
983484
983485
983486
983487
983488
983489
983490
983491
983492
983493
983494
983495
983496
983497
983498
983499
983500
983501
983502
983503
983504
983505
983506
983507
983508
983509
983510
983511
983512
983513
983514
983515
983516
983517
983518
983519
983520
983521
983522
983523
983524
983525
983526
983527
983528
983529
983530
983531
983532
983533
983534
983535
983536
983537
983538
983539
983540
983541
983542
983543
983544
983545
983546
983547
983548
983549
983550
983551
983552
983553
983554