977911
977912
977913
977914
977915
977916
977917
977918
977919
977920
977921
977922
977923
977924
977925
977926
977927
977928
977929
977930
977931
977932
977933
977934
977935
977936
977937
977938
977939
977940
977941
977942
977943
977960
977961
977944
977945
977946
977947
977948
977949
977950
977951
977952
977953
977954
977955
977956
977957
977958
977959
977962
977963
977964
977965
977966
977967
977968
977969
977970
977971
977976
977977
977972
977973
977974
977975
977978
977979
977980
977981
977982
977983
977984
977985
977986
977987
977988