978465
978466
978467
978468
978469
978470
978471
978472
978473
978474
978475
978476
978477
978478
978479
978480
978481
978482
978483
978484
978485
978486
978487
978488
978489
978490
978491
978492
978493
978494
978495
978496
978497
978498
978499
978500
978501
978502
978503
978504
978505
978506
978507
978516
978518
978508
978509
978510
978511
978512
978513
978514
978515
978517
978519
978520
978521
978533
978522
978523
978524
978525
978526
978527
978528
978529
978530
978531
978532
978534
978535
978536
978537
978538
978539
978540
978541
978542
978543
978548
978549
978550
978544
978545
978546
978547
978551
978552
978553
978554
978555