978689
978690
978691
978692
978693
978694
978695
978696
978697
978698
978699
978700
978701
978702
978703
978704
978705
978706
978707
978708
978709
978710
978711
978712
978713
978714
978715
978716
978717
978718
978719
978720
978721
978722
978723
978724
978725
978726
978727
978728
978729
978730
978731
978732
978733
978734
978735
978736
978737
978738
978739
978740
978741
978742
978743
978744
978745
978746
978752
978747
978748
978749
978750
978751
978753
978754
978755
978756
978757
978758
978759
978760
978761
978762
978763
978764
978771
978772
978765
978766
978767
978768
978769
978770
978773
978774
978775
978776
978777
978778
978779
978780
978781
978782
978783
978784
978785
978786
978787
978788
978789
978790
978791
978792
978793
978794
978795
978796
978797