978900
978901
978902
978903
978904
978905
978906
978907
978908
978909
978910
978911
978912
978913
978914
978915
978916
978917
978918
978919
978920
978921
978922
978923
978924
978925
978926
978927
978928
978929
978930
978931
978932
978933
978934
978935
978936
978937
978938
978939
978940
978941
978942
978943
978944
978945
978946
978947
978948
978949
978950
978951
978952
978953
978954
978955
978956
978957
978958
978960
978959
978961
978962
978963
978964
978965
978966
978967
978968
978969
978970
978974
978971
978972
978973
978975
978976
978977
978978
978979
978980
978981
978982
978983