979258
979259
979260
979261
979262
979263
979264
979265
979266
979267
979268
979269
979270
979271
979272
979273
979274
979275
979276
979277
979278
979279
979280
979281
979282
979283
979284
979285
979286
979287
979288
979289
979290
979291
979292
979293
979294
979295
979296
979297
979298
979299
979300
979301
979302
979303
979304
979305
979306
979307
979308
979309
979310
979311
979312
979313
979314
979315
979316
979317
979318
979319
979320
979321
979322
979323
979324
979325
979333
979334
979326
979327
979328
979329
979330
979331
979332
979335
979336
979337
979338
979339
979340
979341
979342
979343
979344
979345
979346
979347