983788
983789
983790
983791
983792
983793
983794
983795
983796
983797
983798
983720
983721
983708
983709
983707
983716
983717
983718
983719
983760
983761
983762
983763
983764
983765
983766
983767
983722
983723
983724
983710
983773
983774
983775
983776
983777
983778
983779
983780
983781
983782
983783
983784
983785
983786
983787
983711
983712
983713
983714
983715
983726
983727
983725
983736
983737
983738
983739
983740
983741
983742
983743
983744
983745
983746
983748
983750
983751
983752
983753
983754
983755
983756
983757
983758
983728
983729
983730
983731
983732
983733
983734
983735
983768
983769
983771
983772