984900
984901
984902
984903
984904
984905
984906
984907
984909
984910
984925
984927
984929
984928
984930
984931
984932
984933
984934
984935
984936
984937
984938
984939
984940
984941
984948
984953
984954
984946
984955
984956
984957
984958
984959
984960
984961
984962
984963
984964
984965
984966
984967
984968
984969
984924
984945
984970
984950
984952
984926
984943
984978
984911
984912
984913
984914
984947
984942
984979
984971
984973
984975
984977
984915
984916
984917
984918
984919
984920
984921
984922
984923
984980