985204
985205
985206
985207
985208
985209
985210
985211
985212
985213
985141
985135
985138
985139
985140
985184
985185
985187
985186
985189
985188
985142
985144
985145
985146
985147
985148
985149
985150
985151
985143
985200
985136
985137
985198
985199
985154
985155
985156
985157
985158
985152
985153
985176
985177
985178
985179
985180
985197
985183
985182
985181
985159
985160
985161
985162
985164
985165
985166
985167
985168
985169
985170
985171
985172
985173
985174
985175
985190
985191
985192
985193
985194
985195
985196
985201
985202
985203