986881
986882
986883
986884
986885
986886
986887
986888
986889
986890
986818
986819
986820
986810
986811
986812
986813
986861
986862
986865
986866
986863
986864
986821
986822
986823
986824
986867
986868
986814
986815
986816
986817
986825
986837
986838
986839
986840
986841
986842
986843
986844
986860
986845
986846
986847
986848
986855
986856
986857
986858
986859
986880
986849
986850
986851
986852
986853
986854
986826
986827
986828
986829
986831
986832
986833
986834
986835
986836
986879
986869
986870
986871
986872
986873
986874
986875
986877
986878