987044
987045
987046
987047
987048
987049
987050
987051
987052
987053
986977
986978
986972
986973
986971
986976
987015
987016
987019
987022
987023
987024
987017
987018
987027
987028
987025
987026
986990
986980
986981
986982
986983
986984
986985
987043
986974
986975
987039
987040
987041
987042
986987
986988
986989
986986
987003
987006
987007
987014
987008
987004
987005
987011
987012
987013
987009
987010
986991
986992
986993
986994
986995
986996
986997
986998
986999
987000
987001
987002
987029
987030
987031
987032
987033
987034
987035
987036
987037
987038