987313
987314
987315
987316
987317
987318
987319
987320
987321
987322
987323
987239
987240
987227
987228
987213
987214
987215
987216
987241
987255
987256
987257
987258
987259
987260
987264
987265
987261
987262
987263
987266
987267
987274
987275
987276
987270
987271
987272
987273
987278
987297
987298
987299
987300
987301
987302
987303
987304
987305
987306
987307
987308
987309
987310
987325
987224
987225
987226
987324
987279
987277
987233
987269
987290
987291
987292
987217
987218
987219
987220
987242
987243
987326
987268
987293
987294
987295
987280
987281
987282
987283
987284
987285
987286
987287
987288
987289
987234
987235
987236
987237
987238
987244
987245
987246
987247
987248
987249
987250
987251
987252
987253
987254
987229
987230
987231
987232
987222
987223
987296
987311
987312