987402
987403
987404
987405
987406
987407
987408
987409
987410
987411
987348
987349
987327
987328
987347
987382
987380
987381
987383
987384
987385
987386
987387
987391
987392
987388
987389
987390
987350
987351
987352
987353
987354
987355
987356
987329
987330
987331
987332
987333
987334
987399
987400
987341
987342
987343
987344
987345
987346
987335
987336
987337
987338
987339
987340
987357
987358
987369
987370
987371
987372
987373
987374
987377
987378
987379
987401
987375
987376
987359
987360
987361
987362
987363
987364
987365
987366
987393
987394
987395
987396
987397
987398