987628
987629
987630
987631
987632
987633
987634
987635
987636
987557
987546
987547
987548
987580
987581
987578
987579
987627
987582
987583
987584
987585
987586
987587
987614
987615
987556
987594
987591
987592
987593
987618
987619
987620
987621
987622
987623
987626
987597
987549
987595
987596
987598
987624
987589
987590
987606
987550
987551
987552
987553
987625
987559
987560
987561
987562
987563
987564
987565
987566
987567
987588
987607
987608
987609
987610
987611
987612
987613
987599
987600
987601
987602
987603
987604
987605
987558
987568
987569
987570
987571
987572
987573
987574
987575
987576
987577
987554
987555
987616
987617