988425
988426
988427
988428
988429
988430
988431
988432
988433
988434
988435
988436
988437
988350
988346
988397
988398
988399
988400
988401
988402
988403
988404
988406
988407
988405
988359
988360
988351
988352
988353
988354
988355
988356
988347
988424
988348
988349
988417
988418
988419
988357
988358
988365
988366
988367
988368
988369
988372
988373
988374
988375
988376
988377
988378
988379
988380
988381
988382
988383
988384
988395
988392
988387
988388
988389
988390
988391
988386
988385
988370
988371
988361
988362
988363
988364
988396
988408
988409
988410
988411
988412
988413
988414
988415
988416
988420
988421
988422
988423