991067
991070
991071
991072
991073
991066
991068
991069
991074
991075
991076
991077
991078
991079
991080
991081
991082
991083
991084
991085
991086
991087
991088
991059
991060
991039
991040
991041
991042
991043
991044
991045
991046
991047
991055
991056
991057
991058
991061
991031
991032
991033
991034
991035
991036
991037
991038
991054
991062
991063
991064
991065
991048
991049
991050
991051
991052
991053
991089
991090
991091
991092
991093
991095
991097
991126
991128
991129
991133
991135
991136
991139
991140
991141
991142
991143