863161
863180
863167
863168
863170
863154
863174
863157
863173
863204
863171
863181
863182
863183
863184
863188
863147
863152
863160
863169
863177
863148
863149
863158
863159
863163
863164
863165
863172
863175
863176
863179
863190
863208
863137
863138
863142
863143
863187
863192
863195
863196
863197
863198
863199
863200
863201
863202
863203
863205
863206
863153
863151
863136
863139
863140
863141
863144
863145
863146
863155
863156
863178
863207
863150
863162
863166
863186
863189
863191
863193
863194
863185