938458
938477
938481
938501
938479
938508
938480
938506
938475
938452
938451
938456
938459
938460
938466
938468
938497
938510
938467
938470
938505
938515
938473
938500
938503
938509
938512
938499
938449
938490
938493
938494
938465
938507
938514
938457
938471
938476
938495
938487
938498
938485
938461
938484
938502
938453
938455
938469
938489
938511
938516
938517
938450
938454
938462
938463
938464
938472
938474
938478
938482
938483
938486
938488
938491
938492
938496
938504
938513
938518
938519
938520
938521