969895
969938
969939
969940
969941
969942
969943
969944
969946
969945
969947
969948
969949
969950
969951
969952
969953
969954
969955
969956
969957
969958
969959
969960
969961
969962
969963
969964
969965
969966
969967
969968
969969
969972
969973
969974
969975
969970
969971
969976
969977
969978
969979
969980
969981
969982
969993
969994
969983
969984
969985
969986
969987
969988
969989
969990
969991
969992
969995
969996
969997
970012
970013
969998
969999
970000
970001
970002
970003
970004
970005
970006
970007
970008
970009
970010
970011
970014
970015
970016
970017
970018
970019