970775
970776
970777
970778
970779
970780
970781
970782
970783
970784
970785
970786
970787
970788
970789
970790
970791
970792
970793
970794
970795
970796
970797
970798
970799
970800
970801
970802
970803
970804
970805
970806
970807
970808
970809
970810
970811
970812
970813
970814
970815
970816
970817
970818
970819
970820
970821
970829
970830
970831
970832
970822
970823
970824
970825
970826
970827
970828
970833
970834
970835
970836
970837
970838
970839
970840
970841
970842
970850
970851
970843
970844
970845
970846
970847
970848
970849
970852
970853
970854
970855
970856
970857