971447
971448
971449
971450
971451
971452
971453
971454
971455
971456
971457
971458
971459
971460
971461
971462
971463
971464
971465
971466
971467
971468
971469
971470
971471
971472
971473
971474
971475
971476
971477
971478
971479
971480
971481
971482
971483
971484
971485
971486
971487
971488
971489
971490
971491
971492
971493
971494
971496
971495
971498
971497
971499
971506
971507
971500
971501
971502
971503
971504
971505
971508
971509
971510
971511
971512
971513
971514
971515
971516
971520
971521
971522
971517
971518
971519
971523
971524
971525