973997
974063
974064
974065
974066
974067
974068
974069
974070
974071
974072
974073
974074
974075
974076
974077
974078
974079
974080
974081
974082
974083
974084
974085
974086
974087
974088
974089
974090
974091
974092
974102
974103
974104
974105
974111
974093
974094
974095
974096
974097
974098
974099
974100
974101
974106
974107
974108
974109
974110
974112
974113
974114
974115
974116
974122
974123
974117
974118
974119
974120
974121
974124
974125
974126
974127
974128
974129
974130
974131
974132
974133
974134
974135
974136
974137