974970
974971
974972
974973
974974
974975
974976
974977
974978
974979
974980
974981
974982
974983
974984
974985
974986
974987
974988
974989
974990
974991
974992
974993
974994
974995
974996
974997
974998
974999
975000
975001
975002
975003
975004
975005
975006
975007
975008
975009
975017
975018
975019
975020
975021
975010
975011
975012
975013
975014
975015
975016
975022
975023
975024
975025
975026
975027
975028
975029
975030
975031
975035
975032
975033
975034
975036
975037
975038
975039
975040
975041
975042