975519
975604
975605
975606
975607
975608
975609
975610
975611
975612
975613
975614
975615
975602
975616
975617
975618
975619
975620
975621
975622
975623
975624
975625
975626
975627
975628
975629
975630
975631
975632
975633
975634
975635
975636
975637
975638
975639
975640
975641
975642
975643
975644
975645
975646
975647
975648
975649
975650
975651
975652
975653
975654
975655
975656
975657
975658
975659
975660
975661
975662
975663
975664
975665
975666
975667
975668
975669
975670
975671
975672
975673
975674
975675
975676