975735
975736
975737
975738
975739
975740
975741
975742
975743
975744
975745
975746
975747
975748
975749
975750
975751
975752
975753
975754
975755
975756
975757
975758
975759
975760
975761
975762
975763
975764
975765
975766
975767
975768
975769
975770
975771
975772
975773
975774
975775
975776
975777
975778
975779
975780
975781
975782
975783
975784
975785
975786
975787
975788
975789
975790
975792
975791
975793
975794
975795
975796
975797
975800
975801
975802
975803
975798
975799
975804
975805
975806
975807
975808
975809
975810
975811
975812
975813
975814