975815
975816
975817
975818
975819
975820
975821
975822
975823
975824
975825
975826
975827
975828
975829
975830
975831
975832
975833
975834
975835
975836
975837
975838
975839
975840
975841
975842
975843
975844
975846
975845
975847
975848
975849
975850
975851
975852
975853
975863
975864
975865
975854
975855
975856
975857
975858
975859
975860
975861
975862
975866
975867
975868
975869
975870
975871
975872
975873
975874
975875
975876
975877
975878
975879
975880
975881
975882
975890
975891
975883
975884
975885
975886
975887
975888
975889
975892
975893
975894
975895
975896
975897
975898