976608
976609
976610
976611
976612
976613
976614
976615
976616
976617
976618
976619
976620
976621
976622
976623
976624
976625
976626
976627
976628
976629
976630
976631
976632
976633
976634
976635
976636
976637
976638
976639
976640
976641
976642
976648
976643
976644
976645
976646
976647
976649
976650
976651
976652
976653
976660
976662
976663
976664
976654
976655
976656
976657
976658
976659
976661
976665
976666
976667
976668
976669
976670
976671
976672
976673
976674
976675
976676
976677
976678
976679
976680
976681
976682
976683
976684
976685
976686
976687
976688
976689
976690
976691
976692
976693
976694