977070
977071
977072
977073
977074
977075
977076
977077
977078
977079
977080
977081
977082
977083
977084
977085
977086
977087
977088
977089
977090
977091
977092
977093
977094
977095
977096
977097
977098
977099
977100
977101
977102
977103
977104
977105
977106
977107
977108
977109
977110
977111
977112
977113
977114
977115
977116
977117
977118
977119
977131
977120
977121
977122
977123
977124
977125
977126
977127
977128
977129
977130
977132
977133
977134
977135
977136
977137
977138
977139
977140
977141
977142
977143
977144
977145
977146
977147
977148
977149
977150
977151