977290
977291
977292
977293
977294
977295
977296
977297
977298
977299
977300
977301
977302
977303
977304
977305
977306
977307
977308
977309
977310
977311
977312
977313
977314
977315
977316
977317
977318
977319
977320
977321
977322
977323
977324
977325
977326
977327
977328
977329
977330
977331
977332
977333
977334
977335
977336
977337
977338
977339
977340
977341
977342
977343
977344
977345
977346
977347
977348
977349
977350
977351
977366
977352
977353
977354
977355
977356
977357
977358
977359
977360
977361
977362
977363
977364
977365
977367
977368
977369
977370
977371
977372
977379
977380
977381
977373
977374
977375
977376
977377
977378
977382
977383
977384