977455
977534
977535
977536
977537
977538
977539
977540
977541
977542
977543
977544
977545
977532
977546
977547
977548
977549
977550
977551
977552
977553
977554
977555
977556
977557
977558
977559
977560
977561
977562
977563
977564
977565
977566
977567
977568
977569
977570
977571
977572
977573
977574
977575
977576
977577
977578
977579
977580
977581
977582
977583
977584
977585
977586
977587
977588
977589
977590
977591
977592
977593
977594
977595
977596
977597
977598
977599
977600
977601
977602
977603