979348
979434
979435
979436
979437
979438
979439
979440
979441
979442
979443
979444
979445
979446
979447
979448
979449
979450
979451
979452
979453
979454
979455
979456
979457
979458
979459
979460
979461
979462
979463
979464
979465
979466
979467
979470
979468
979469
979471
979472
979473
979474
979475
979476
979477
979478
979479
979480
979481
979482
979483
979486
979484
979485
979487
979488
979489
979490
979491
979492
979493
979494
979495
979502
979503
979496
979497
979498
979499
979500
979501
979504
979505
979506
979507
979508
979509
979510
979511
979512