979979
980136
980137
980138
980139
980140
980141
980142
980143
980144
980145
980146
980147
980148
980149
980150
980151
980152
980153
980154
980155
980156
980157
980158
980159
980160
980161
980162
980163
980164
980165
980166
980167
980168
980169
980170
980171
980172
980173
980174
980175
980176
980177
980178
980179
980180
980181
980182
980183
980184
980185
980186
980187
980188
980189
980190
980191
980192
980193
980194
980195
980199
980200
980196
980197
980198
980201
980202
980203
980204
980205
980206
980207
980208
980209
980210
980211
980212
980213