980811
980812
980813
980814
980815
980816
980817
980818
980819
980820
980821
980822
980823
980824
980825
980826
980827
980828
980829
980830
980831
980832
980833
980834
980835
980836
980837
980838
980839
980840
980841
980842
980843
980844
980845
980846
980847
980848
980849
980850
980851
980852
980853
980854
980855
980856
980857
980867
980868
980858
980859
980860
980861
980862
980863
980864
980865
980866
980869
980870
980871
980872
980873
980874
980875
980876
980877
980878
980884
980885
980886
980879
980880
980881
980882
980883
980887
980888
980889
980890
980891
980892