981807
981808
981809
981810
981811
981813
981814
981815
981816
981817
981818
981819
981820
981821
981822
981823
981824
981825
981826
981827
981828
981829
981830
981831
981832
981833
981834
981835
981836
981837
981838
981839
981840
981841
981842
981843
981844
981845
981846
981847
981848
981849
981850
981851
981852
981853
981854
981855
981856
981857
981858
981859
981860
981861
981862
981863
981864
981865
981866
981867
981868
981869
981870
981871
981872
981873
981874
981875
981876
981877
981878
981879
981880
981881
981882