982416
982417
982418
982419
982420
982421
982422
982423
982424
982425
982426
982427
982428
982429
982430
982431
982432
982433
982434
982435
982436
982437
982438
982439
982440
982441
982442
982443
982444
982445
982446
982447
982448
982449
982450
982451
982452
982453
982454
982455
982456
982457
982458
982459
982460
982461
982462
982463
982464
982465
982466
982467
982468
982469
982470
982471
982472
982473
982474
982475
982476
982477
982478
982479
982480
982481
982482
982483
982484
982485
982486
982487
982488
982489
982490
982491
982492
982493
982494
982495
982496
982497
982498