985048
985123
985124
985125
985126
985127
985128
985129
985130
985071
985063
985059
985060
985061
985062
985070
985106
985107
985108
985113
985114
985109
985110
985111
985112
985077
985078
985079
985072
985073
985074
985075
985064
985065
985066
985131
985067
985068
985069
985076
985092
985093
985104
985099
985100
985101
985102
985103
985094
985090
985091
985134
985098
985095
985096
985097
985080
985081
985082
985083
985084
985085
985086
985087
985088
985089
985105
985115
985116
985117
985118
985119
985120
985121
985132
985133