985356
985357
985358
985359
985360
985361
985362
985363
985364
985365
985366
985288
985289
985281
985282
985280
985287
985326
985327
985329
985328
985330
985331
985332
985333
985290
985291
985292
985293
985294
985348
985349
985350
985351
985352
985353
985354
985355
985283
985284
985285
985286
985334
985335
985336
985337
985295
985296
985316
985317
985318
985320
985321
985369
985319
985323
985324
985322
985325
985297
985298
985299
985300
985301
985302
985303
985304
985305
985306
985307
985308
985309
985310
985311
985312
985313
985314
985315
985338
985339
985340
985341
985342
985343
985344
985345
985346
985347
985367
985368