985435
985436
985437
985438
985439
985440
985441
985442
985443
985444
985382
985373
985371
985372
985418
985419
985423
985424
985420
985421
985422
985425
985383
985384
985385
985386
985387
985388
985389
985431
985434
985374
985381
985375
985376
985377
985378
985379
985380
985399
985400
985401
985402
985370
985406
985407
985408
985409
985410
985417
985411
985403
985404
985415
985416
985412
985413
985414
985405
985390
985391
985392
985393
985394
985395
985396
985397
985398
985426
985427
985428
985429
985432
985433
985430