986004
986088
986089
986090
986091
986092
986093
986094
986095
986096
986097
986029
986030
986014
986015
986016
986017
986019
986021
986028
986084
986056
986057
986054
986055
986061
986062
986058
986059
986060
986033
986036
986037
986039
986041
986042
986043
986065
986067
986069
986071
986072
986073
986075
986077
986078
986079
986080
986081
986082
986083
986023
986027
986024
986026
986047
986045
986018
986020
986031
986032
986034
986035
986038
986040
986044
986053
986050
986046
986048
986022
986025
986049
986051
986052
986063
986064
986066
986068
986070
986074
986085
986086