986640
986641
986642
986643
986644
986645
986646
986647
986648
986559
986560
986554
986555
986558
986584
986583
986585
986586
986587
986593
986561
986590
986608
986609
986610
986611
986612
986613
986614
986615
986616
986617
986618
986619
986620
986621
986622
986623
986624
986625
986626
986627
986628
986629
986630
986631
986632
986633
986634
986635
986636
986556
986557
986591
986592
986588
986563
986564
986565
986568
986569
986570
986571
986572
986589
986582
986579
986580
986581
986573
986574
986575
986576
986577
986578
986566
986567
986562
986594
986595
986596
986597
986598
986599
986600
986601
986602
986603
986604
986605
986606
986607
986637
986638
986639