987127
987128
987129
987130
987131
987132
987133
987134
987135
987136
987137
987068
987069
987072
987073
987079
987080
987081
987082
987083
987084
987098
987099
987091
987092
987093
987094
987095
987113
987116
987117
987118
987119
987120
987121
987122
987123
987124
987125
987126
987100
987054
987055
987056
987097
987087
987088
987089
987090
987107
987108
987109
987057
987058
987059
987060
987061
987062
987063
987064
987070
987071
987074
987096
987085
987086
987110
987111
987112
987101
987102
987103
987104
987105
987075
987076
987077
987078
987106
987065
987066
987067
987114
987115