987451
987537
987538
987539
987540
987541
987542
987543
987544
987545
987473
987464
987465
987461
987462
987463
987472
987514
987515
987516
987517
987518
987520
987521
987522
987519
987484
987485
987486
987487
987488
987474
987476
987477
987478
987479
987480
987481
987475
987466
987467
987468
987469
987470
987471
987535
987482
987483
987503
987504
987505
987506
987507
987497
987498
987499
987509
987510
987511
987512
987513
987508
987500
987501
987502
987489
987490
987491
987492
987493
987494
987495
987496
987523
987524
987525
987526
987527
987528
987529
987530
987531
987532
987533
987534