987711
987712
987713
987714
987715
987716
987717
987718
987719
987720
987721
987722
987723
987651
987637
987638
987639
987640
987641
987650
987689
987690
987691
987692
987693
987697
987698
987694
987695
987696
987700
987699
987652
987653
987654
987655
987656
987657
987658
987659
987660
987661
987701
987702
987703
987648
987649
987642
987643
987644
987645
987646
987647
987662
987676
987677
987678
987680
987681
987682
987683
987684
987685
987686
987679
987688
987687
987663
987664
987665
987666
987667
987668
987669
987670
987671
987672
987673
987674
987675
987704
987705
987706
987707
987708
987709
987710