987865
987866
987867
987868
987869
987870
987871
987872
987873
987874
987875
987876
987800
987801
987797
987795
987796
987799
987839
987840
987834
987835
987836
987837
987838
987841
987842
987843
987845
987846
987847
987844
987816
987802
987803
987804
987805
987806
987807
987808
987809
987810
987811
987812
987813
987814
987859
987860
987861
987862
987863
987864
987798
987855
987856
987815
987821
987822
987823
987824
987825
987826
987833
987832
987829
987830
987831
987857
987827
987828
987819
987820
987817
987818
987848
987849
987850
987851
987852
987853
987854
987858