988742
988743
988744
988745
988746
988747
988748
988749
988750
988751
988678
988679
988669
988670
988671
988672
988673
988721
988674
988677
988722
988712
988741
988713
988714
988715
988716
988717
988718
988719
988720
988688
988680
988681
988682
988726
988727
988728
988729
988730
988731
988732
988733
988734
988735
988736
988737
988740
988675
988676
988724
988725
988684
988685
988686
988687
988683
988703
988698
988699
988710
988709
988700
988701
988702
988707
988708
988704
988705
988706
988694
988695
988696
988697
988689
988690
988691
988692
988693
988723
988738
988739