989015
989016
989017
989018
989019
989020
989021
989022
989023
989024
989025
988956
988940
988941
988942
988943
988944
989002
989003
988958
988968
988969
988970
988971
988972
988983
988984
988985
988986
988987
988979
988976
988977
988988
989006
989007
989008
989009
989010
989011
989012
989013
988950
988951
988952
988953
988954
988955
988989
989004
989005
988945
988980
988981
988982
988957
988975
988990
988991
988947
988959
988960
988961
988962
988978
988973
988974
988992
988993
988994
988995
988996
988997
988998
988999
989000
989001
988963
988964
988965
988966
988967
988948
988949
989014