989277
989382
989383
989388
989391
989393
989324
989325
989322
989323
989387
989389
989337
989338
989339
989340
989341
989342
989343
989344
989345
989346
989347
989348
989326
989327
989328
989329
989408
989409
989410
989330
989331
989336
989334
989335
989332
989333
989351
989354
989356
989366
989371
989372
989380
989358
989360
989362
989349
989350
989352
989353
989355
989357
989359
989361
989363
989364
989365
989367
989368
989369
989370
989375
989376
989377
989378
989379
989390
989392
989394
989395
989396
989397
989398
989399
989400
989401
989402
989403
989404
989405
989406
989407