989848
990171
990172
990173
990174
990175
990176
990177
990178
990179
990180
990081
990083
990096
990098
990100
990102
990104
990105
990107
990108
990109
990110
990130
990132
990120
990113
990114
990115
990116
990117
990128
990167
990168
990169
990134
990135
990122
990123
990125
990112
990141
990142
990144
990145
990046
990047
990049
990051
990052
990086
990087
990119
990126
990111
990146
990148
990151
990152
990154
990155
990137
990138
990139
990090
990093
990095
990065
990067
990068
990070
990071
990073
990074
990075
990076
990078
990079
990080
990162
990163
990164
990165
990166