990455
990456
990457
990458
990459
990460
990461
990462
990463
990464
990465
990395
990389
990390
990393
990394
990431
990432
990433
990434
990435
990402
990403
990396
990398
990399
990400
990401
990397
990467
990468
990392
990391
990415
990416
990417
990418
990423
990424
990429
990430
990425
990426
990419
990420
990421
990428
990466
990427
990422
990404
990405
990406
990407
990408
990409
990410
990411
990412
990413
990414
990436
990437
990438
990439
990440
990441
990442
990443
990444
990445
990446
990447
990448
990449
990450
990451
990452
990453
990454