863863
863865
863890
863881
863883
863900
863903
863864
863894
863880
863856
863896
863869
863927
863874
863875
863877
863887
863918
863919
863924
863926
863878
863899
863888
863857
863858
863859
863860
863867
863868
863871
863879
863882
863885
863886
863891
863892
863893
863897
863901
863902
863907
863908
863910
863911
863912
863913
863915
863917
863909
863861
863862
863884
863889
863898
863904
863866
863872
863873
863876
863905
863906
863914
863920
863921
863922
863923
863916
863870
863895
863925