932889
932905
932946
932941
932932
932948
932893
932939
932954
932959
932897
932928
932890
932895
932896
932900
932908
932913
932927
932935
932942
932945
932947
932953
932957
932915
932918
932891
932909
932910
932911
932931
932937
932951
932958
932950
932902
932903
932919
932899
932924
932934
932936
932949
932952
932914
932940
932894
932912
932929
932943
932901
932933
932944
932907
932916
932920
932922
932930
932956
932898
932921
932926
932938
932955
932960
932892
932904
932906
932917
932923
932925