989277
989278
989279
989280
989281
989282
989283
989284
989285
989286
989287
989200
989201
989202
989203
989274
989212
989213
989214
989215
989216
989217
989218
989219
989220
989221
989222
989223
989224
989250
989251
989252
989239
989231
989232
989233
989234
989235
989236
989237
989238
989253
989289
989290
989291
989292
989293
989294
989295
989296
989297
989298
989300
989301
989302
989303
989304
989305
989306
989307
989308
989309
989310
989311
989312
989313
989314
989315
989316
989317
989318
989319
989320
989321
989528
989192
989193
989194
989195
989240
989241
989242
989243
989244
989245
989246
989247
989248
989249
989268
989275
989210
989211
989229
989230
989191
989288
989267
989225
989226
989227
989228
989264
989265
989266
989276
989254
989255
989256
989257
989258
989259
989260
989261
989262
989204
989205
989206
989207
989208
989209
989263
989196
989197
989198
989199
989269
989270
989271
989272
989273