925054
925125
925091
925095
925099
925101
925053
925055
925061
925069
925074
925079
925083
925089
925090
925094
925097
925098
925103
925114
925117
925122
925065
925070
925093
925118
925047
925049
925056
925075
925077
925111
925085
925105
925042
925051
925059
925072
925076
925115
925124
925126
925068
925080
925060
925084
925045
925092
925108
925113
925046
925048
925063
925064
925071
925102
925043
925052
925057
925078
925086
925087
925096
925104
925106
925109
925050
925058
925073
925116
925121
925123
925081
925127
925062
925100
925107
925110
925044
925066
925067
925082
925088
925112
925119
925120