944912
944916
944926
944938
944960
944935
944959
944951
944927
944957
944895
944907
944932
944943
944954
944939
944917
944914
944953
944899
944900
944901
944911
944915
944930
944961
944962
944891
944903
944908
944920
944905
944909
944934
944924
944925
944936
944940
944896
944898
944910
944921
944922
944928
944944
944945
944946
944918
944919
944942
944894
944904
944937
944947
944956
944893
944949
944950
944913
944902
944892
944897
944906
944923
944929
944931
944933
944941
944948
944952
944955
944958