946239
946240
946241
946242
946243
946244
946245
946246
946247
946248
946249
946250
946251
946252
946253
946254
946255
946256
946257
946258
946259
946260
946261
946263
946264
946265
946262
946266
946267
946268
946269
946270
946271
946272
946273
946278
946284
946274
946275
946276
946277
946279
946280
946281
946282
946283
946285
946286
946287
946288
946289
946290
946291
946292
946293
946294
946297
946298
946299
946300
946295
946296
946301
946302
946303
946304
946305
946306
946307
946308
946309
946310
946311
946312
946313
946314