955172
955173
955174
955175
955176
955177
955178
955179
955180
955181
955182
955183
955184
955185
955186
955187
955188
955189
955190
955191
955192
955193
955194
955195
955196
955197
955200
955201
955202
955203
955204
955205
955198
955199
955206
955207
955208
955222
955223
955209
955210
955211
955212
955213
955214
955215
955216
955217
955218
955219
955220
955221
955224
955225
955226
955227
955228
955237
955229
955230
955231
955232
955233
955234
955235
955236
955238
955239
955240
955241
955242
955243
955244
955245