960252
960253
960254
960255
960256
960257
960258
960259
960260
960261
960262
960263
960264
960265
960266
960267
960268
960269
960270
960271
960272
960277
960278
960279
960280
960273
960274
960275
960276
960281
960282
960283
960284
960285
960286
960287
960288
960289
960290
960294
960291
960292
960293
960295
960296
960297
960298
960299
960300
960301
960302
960303
960304
960305
960306
960307
960308
960309
960312
960313
960314
960310
960311
960315
960316
960317
960318
960319
960320
960321
960322
960323