961365
961366
961367
961368
961369
961370
961371
961372
961373
961374
961375
961376
961377
961378
961379
961380
961381
961382
961383
961384
961385
961386
961387
961388
961389
961390
961392
961393
961394
961395
961396
961397
961398
961399
961400
961391
961401
961402
961403
961404
961405
961406
961414
961415
961407
961408
961409
961410
961411
961412
961413
961416
961417
961418
961419
961420
961421
961422
961423
961430
961424
961425
961426
961427
961428
961429
961431
961432
961433
961434
961435
961436
961437
961438
961439
961440
961441
961442
961443