961959
961960
961961
961962
961963
961964
961965
961966
961967
961968
961969
961970
961971
961972
961973
961974
961975
961976
961977
961978
961979
961980
961982
961983
961984
961985
961986
961987
961981
961988
961989
961990
961991
961992
961993
961994
961995
961996
961997
961998
961999
962000
962001
962002
962003
962004
962005
962006
962007
962008
962009
962010
962011
962012
962013
962014
962015
962021
962024
962016
962017
962018
962019
962020
962022
962023
962025
962026
962027
962028
962033
962029
962030
962031
962032
962034
962035
962036
962037
962038
962039
962040
962041
962042
962043
962044
962045
962046
962047
962048