964190
964191
964192
964193
964194
964195
964196
964197
964198
964199
964200
964201
964202
964203
964204
964205
964206
964207
964208
964209
964210
964211
964212
964214
964215
964216
964217
964218
964219
964213
964220
964221
964222
964223
964224
964225
964226
964227
964228
964229
964230
964233
964235
964236
964237
964242
964231
964232
964234
964238
964239
964240
964241
964243
964244
964245
964246
964247
964248
964249
964250
964251
964252
964253
964254
964255
964256
964257
964258
964259
964260
964261
964262
964263