965902
965903
965904
965905
965906
965907
965908
965912
965913
965909
965910
965911
965914
965915
965916
965917
965918
965919
965920
965921
965922
965923
965924
965925
965926
965927
965928
965929
965930
965931
965932
965933
965934
965935
965936
965937
965938
965943
965944
965945
965946
965947
965948
965939
965940
965941
965942
965949
965950
965951
965952
965953
965954
965955
965961
965956
965957
965958
965959
965960
965962
965963
965964
965965
965966
965967
965968
965969
965970
965975
965971
965972
965973
965974
965976
965977
965978
965979
965980
965981
965982