967488
967489
967490
967491
967492
967493
967494
967495
967496
967497
967498
967499
967500
967501
967502
967503
967504
967505
967508
967506
967507
967509
967510
967511
967512
967513
967514
967515
967516
967517
967518
967519
967520
967521
967522
967523
967524
967525
967526
967527
967528
967529
967536
967538
967539
967540
967530
967531
967532
967533
967534
967535
967537
967541
967542
967543
967544
967545
967546
967547
967548
967549
967550
967551
967552
967556
967557
967558
967553
967554
967555
967559
967560
967561