1260
1261
1262
1263
1264
1265
1266
1267
1268
1269
1270
1271
1272
1273
1274
1275
1276
1277
1278
127
1490
1491
1492
1493
1494
1495
1496
1497
1498
1499
1500
1501
1502
1503
1504
1505
1506
1507
1508
150
1720
1721
1722
1723
1724
1725
1726
1727
1728
1729
1730
1731
1732
1733
1734
1735
1736
1737
1738
173
1950
1951
1952
1953
1954
1955
1956
1957
1958
1959
1960
1961
1962
1963
1964
1965
1966
1967
1968
196
2160
2161
2162
2163
2164
2165
2166
2167
2168
2169
2170
2171
2172
2173
2174
2175
2176
2177
2178
217
2370
2371
2372
2373
2374
2375
2376
2377
2378
2379
2380
2381
2382
2383
2384
2385
2386
2387
2388
238
2620
2621
2622
2623
2624
2625
2626
2627
2628
2629
2630
2631
2632
2633
2634
2635
2636
2637
2638
263
403
404
405
406
407
408
409
410
411
412
413
414
415
416
417
418
419
420
421
422
424
425
426
427
428
429
430
431
432
433
434
435
436
437
438
439
440
442
443
444
446
447
449
450
451
452
453
454
455
457
458
459
460
462
463
464
465
466
467
468
470
471
472
473
474
475
476
477
479
480
481
482
483
484
485
486
487
488
489
490
492
493
494
495
496
497
498
499
500
501
502
503
504
505
506
507
508
509
510
511
513
514
515
516
517
518
519
520
521
522
523
524
525
526
527
528
529
530
531
532
534
535
64
65
66
671
672
673
674
676
677
678
679
67
680
681
682
683
684
685
686
687
688
68
872
884
885
895
919
935
936
940
941
947
948
949
953
954
972
983
995
998
640
642
651
696
708
711
712
713
71
724
729
730
764
804
805
819
81
828
832
833
834
845
853
854
591
599
601
604
618
626
3169
3178
3179
3181
3193
3203
3205
3255
387
391
397
554
573
3040
3050
3062
3064
3069
3075
3086
3108
3127
3132
3133
3135
3137_E
3142
3143
3159
2901
2908
2922
2923
2944
2953
2955
2956
2961
2965
2972
2989
3010
3017
3025
3033
2781
2782
2794
2799
2802
2805
2808
2816
2823
2838
2849
2850
2856
2865
2876
2879
2889
2899
2764
2705
2712
2715
2724
2726
2735
2747
2760
2591
2599
2615
261
2643
2650
2651
2659
2672
2681
2698
2519
2532
2548
2553
2558
2559
2563
2575
2581
2424
2428
2432
2437
2438
243
2445
2448
244
2465
2468
247
2486
248
2497
2502
2508
2514
2257
2258
2264
226
2270
2285
2288
2289
2311
231
2327
2329
2330
2332
2333
2346
2349
2351
2359
235
2253
2200
2207
2208
2212
2213
2223
2238
2062
2092
2102
2106
2109
210
2120
213
214
2155
2159
1945
1948
1982
1983
1986
2008
2018
2044
1871
1877
1888
1889
1911
1919
1925
1697
169
1704
1755
1781
1786
1803
180
1815
1836
1839
184
1858
1861
1403
1418
141
1420
1432
1438
143
144
1471
1480
1516
1518
151
1523
1527
1528
152
1534
1540
1560
1562
1587
1623
1629
1638
1646
1650
1658
1666
1668
1678
1688
1304
1305
1310
1314
1329
1330
1332
1337
1342
1344
1349
1356
1358
1366
1372
1392
1397
1401
1293
1299
1123
1137
1155
1166
1167
1175
1178
1179
1186
1188
1191
1196
1214
1227
1232
1241
1248
1250
1257
1287
1000
1005
1006
1019
1020
1022
1025
1028
102
1032
1034
1037
1039
1042
1052
1056
1067
1069
1093
1094
1105
110
1116
111
