1730
1729
1728
1727
1726
1725
1724
1723
1722
1721
1720
1508
1507
1506
1505
1504
1503
1502
1501
1500
1499
1498
1497
1496
1495
1494
1493
1492
1491
1490
1278
1277
1276
1275
1274
1273
1272
1271
1270
1269
1268
1267
1266
1264
1263
1262
1261
1260
688
687
686
685
684
683
682
681
679
678
677
676
674
673
672
671
535
534
532
531
530
529
528
527
526
525
524
523
522
521
520
519
518
517
516
515
514
513
511
510
509
508
507
506
505
504
503
502
501
500
499
498
497
496
495
494
493
492
490
489
488
487
486
485
484
483
482
481
480
479
477
476
475
474
473
472
471
470
468
467
466
465
464
463
462
460
459
458
457
455
454
453
452
451
450
449
447
446
444
443
442
440
439
438
437
436
435
434
433
432
431
430
429
428
427
426
425
424
422
421
420
419
418
417
416
415
414
413
412
411
410
409
408
407
406
405
404
403
263
238
217
196
173
150
127
68
67
66
65
64
2638
2637
2636
2635
2634
2633
2632
2631
2630
2629
2628
2627
2626
2625
2624
2623
2622
2621
2620
2388
2387
2386
2385
2384
2383
2382
2381
2380
2379
2378
2377
2376
2375
2374
2373
2372
2371
2370
2178
2177
2176
2175
2174
2173
2172
2171
2170
2169
2168
2167
2166
2165
2164
2163
2162
2161
2160
