1260
1261
1262
1263
1264
1265
1266
1267
1268
1269
1270
1271
1272
1273
1274
1275
1276
1277
1278
127
1490
1491
1492
1493
1494
1495
1496
1497
1498
1499
1500
1501
1502
1503
1504
1505
1506
1507
1508
150
1720
1721
1722
1723
1724
1725
1726
1727
1728
1729
1730
1731
1732
1733
1734
1735
1736
1737
1738
173
1950
1951
1952
1953
1954
1955
1956
1957
1958
1959
1960
1961
1962
1963
1964
1965
1966
1967
1968
196
2160
2161
2162
2163
2164
2165
2166
2167
2168
2169
2170
2171
2172
2173
2174
2175
2176
2177
2178
217
2370
2371
2372
2373
2374
2375
2376
2377
2378
2379
2380
2381
2382
2383
2384
2385
2386
2387
2388
238
2620
2621
2622
2623
2624
2625
2626
2627
2628
2629
2630
2631
2632
2633
2634
2635
2636
2637
2638
263
403
404
405
406
407
408
409
410
411
412
413
414
415
416
417
418
419
420
421
422
424
425
426
427
428
429
430
431
432
433
434
435
436
437
438
439
440
442
443
444
446
447
449
450
451
452
453
454
455
457
458
459
460
462
463
464
465
466
467
468
470
471
472
473
474
475
476
477
479
480
481
482
483
484
485
486
487
488
489
490
492
493
494
495
496
497
498
499
500
501
502
503
504
505
506
507
508
509
510
511
513
514
515
516
517
518
519
520
521
522
523
524
525
526
527
528
529
530
531
532
534
535
64
65
66
671
672
673
674
676
677
678
679
67
680
681
682
683
684
685
686
687
688
68
