2979
2980
2981
2983
2984
2985
2987
2988
2989
2990
2991
2992
2993
2994
2995
2996
2998
2999
3001
3002
3003
3004
3005
3007
3008
3009
3010
3011
3012
3013
3014
3015
3016
3018
3019
3020
3021
3022
3023
3024
3026
3028
3029
3030
3031
3032
3034
3035
3036
3037
3038
3039
3041
3042
3043
3044
3045
3046
3047
3048
3049
3050
3051
3052
3053
3054
3056
3057
3058
3059
3060
3061
3062
3063
3065
3066
3067
3069
3070
3071
3072
3073
3074
3076
3077
3078
3079
3080
3081
3082
3083
3084
3085
3087
3088
3089
3090
3091
3092
3093
3095
3096
3097
3098
3099
3101
3102
3103
3104
3105
3106
3107
3109
3110
3112
3113
3114
3115
3118
3119
3120
3121
3122
3123
3125
3128
3130
3131
3132
3134
3136
3138_E
3139
3140
3141
3144
3145
3146
3148
3149
3151
3152
3153
3154
3155
3156
3158
3160
3161
3162
3163
3164
3165
3166
3167
3168
3169
3170
3171
3172
3173
3174
3175
3176
3177
3180
3182
3183
3184
3185
3186
3187
3188
3189
3190
3191
3192
3194
3195
3196
3198
3199
3200
3201
3202
3204
3206
3207
3208
3209
3211
3212
3213
3214
3215
3216
3217
3218
3219
3220
3221
3222
3223
3224
3225
3226
3227
3229
3230
3231
3232
3233
3234
3237
3238
3239
3241
3243
3245
3246
3247
3248
3249
3251
3252
3253
3254
3256
3259
3260
3261
386
388
389
390
392
393
394
396
399
400
402
404
405
406
407
409
410
411
412
413
414
415
416
417
419
420
421
422
423
425
426
427
429
430
431
432
433
434
436
437
438
439
440
443
445
446
447
449
450
451
452
453
454
455
457
458
459
463
464
465
467
468
469
470
472
473
474
475
476
477
479
480
481
482
483
485
486
488
491
492
493
494
495
496
498
499
500
501
503
504
505
506
507
508
509
510
512
514
515
518
520
521
522
525
526
527
528
529
531
532
533
534
537
538
539
540
541
542
543
544
545
546
547
548
549
550
551
552
555
556
557
558
559
560
561
562
563
564
565
566
567
569
570
571
572
573
574
575
576
577
578
579
580
581
584
585
586
587
588
589
590
592
593
594
596
597
598
600
602
603
604
605
606
607
608
609
611
612
613
614
616
618
619
621
622
623
624
625
627
628
629
631
632
633
634
636
637
638
639
64
641
643
644
645
646
647
648
649
65
650
652
66
67
671
672
673
674
675
676
677
678
68
680
681
682
683
684
685
686
687
689
690
691
692
693
694
695
697
698
699
70
700
701
702
704
705
706
707
708
709
710
714
715
716
717
718
719
720
721
723
725
727
728
73
731
732
733
734
735
736
737
738
74
740
741
742
743
744
745
746
747
748
749
750
751
752
753
755
756
757
758
759
76
760
761
762
763
765
766
767
768
769
770
771
772
774
775
777
778
779
780
781
782
783
784
785
786
787
788
789
790
791
793
794
795
796
797
798
799
80
800
801
802
803
806
807
808
809
810
812
813
814
815
816
817
818
819
82
820
821
822
823
824
825
826
827
83
830
831
835
836
837
838
839
840
841
842
843
844
846
848
849
850
851
852
855
856
857
858
859
86
860
861
862
863
864
865
866
867
869
87
870
871
872
873
874
876
877
878
879
880
881
883
886
887
888
889
890
891
892
893
896
897
898
899
900
901
902
903
904
905
906
907
908
910
911
912
913
914
915
916
917
918
920
921
922
923
924
926
927
928
929
931
932
933
934
937
938
939
942
943
944
946
949
951
952
953
955
956
957
958
959
960
961
962
963
964
965
966
967
968
969
970
971
972
973
974
975
976
977
978
979
980
981
982
984
985
986
987
988
989
990
991
993
994
996
997
999