882355
882294
882320
882324
882340
882347
882358
882314
882283
882284
882326
882350
882286
882299
882310
882311
882316
882318
882332
882354
882357
882321
882328
882329
882343
882352
882282
882291
882313
882345
882351
882281
882285
882288
882334
882339
882344
882353
882289
882295
882297
882303
882306
882309
882331
882335
882341
882356
882308
882287
882290
882292
882293
882298
882301
882307
882312
882327
882338
882342
882348
882317
882325
882336
882300
882302
882304
882305
882315
882319
882322
882323
882333
882337
882349
882296
882330
882346