1039048
1039049
1039050
1039051
1039058
1039059
1039060
1039061
1039062
1039063
1039055
1039056
1039042
1039043
1039044
1039036
1039037
1039038
1039039
1039040
1039041
1039003
1039004
1039005
1039006
1039007
1039008
1039009
1039010
1039011
1039012
1039013
1039014
1039015
1039016
1039017
1039018
1039019
1039020
1039021
1039022
1039023
1039024
1039025
1039026
1039027
1039028
1039029
1039030
1039031
1039032
1039033
1039034
1039035
1039045
1039046
1039047
1039057
1039054
1039052
1039053
1039064
1039065
1039066
1039067