907322
907343
907349
907307
907308
907318
907350
907356
907325
907333
907334
907332
907358
907366
907378
907304
907312
907320
907327
907339
907352
907353
907354
907359
907360
907361
907375
907379
907319
907321
907331
907338
907342
907344
907355
907374
907305
907311
907314
907323
907328
907330
907335
907345
907346
907364
907367
907371
907372
907376
907380
907302
907341
907347
907357
907369
907310
907315
907351
907373
907303
907317
907348
907324
907336
907306
907326
907340
907365
907370
907301
907309
907316
907329
907337
907362
907377
907313
907363
907368