907406
907454
907386
907389
907409
907416
907417
907439
907443
907424
907398
907422
907383
907405
907423
907458
907382
907394
907429
907444
907455
907401
907404
907413
907431
907462
907421
907463
907393
907460
907428
907418
907399
907435
907459
907392
907395
907441
907448
907449
907432
907388
907396
907411
907412
907414
907415
907425
907427
907430
907436
907438
907440
907442
907445
907446
907447
907450
907451
907461
907381
907384
907385
907387
907390
907391
907397
907400
907402
907403
907407
907408
907410
907419
907420
907426
907433
907434
907437
907452
907453
907456
907457