913819
913810
913813
913815
913822
913828
913829
913830
913831
913835
913839
913852
913859
913863
913867
913870
913871
913872
913878
913880
913897
913903
913906
913908
913910
913911
913912
913913
913914
913919
913923
913927
913930
913941
913953
913954
913959
913972
913977
913979
913982
913993
914009
914012
914014
914018
914021
914022
914028
914033
914045
914048
914051
914053
914063
914066
914080
914090
914096
914099
914103
914112
914113
914114
914119
914130
914131
914136
914141
914143
914144
914147
914155
914158
914159
913838
913845
913848
913851
913853
913862
913864
913874
913877
913885
913898
913899
913900
913922
913936
913942
913949
913962
913964
913973
913984
913985
913989
913996
914000
914003
914004
914010
914016
914029
914047
914069
914070
914076
914088
914100
914107
914122
914161
914163
913816
913826
913858
913904
913907
913909
913934
913950
913986
914049
914054
914082
914117
914128
914142
914145
913824
913892
913940
913970
913978
914046
914091
914151
913820
913847
913865
913869
913876
913888
913918
913926
913929
913945
914008
914027
914102
914110
914124
914148
913843
913855
913915
913916
913928
913932
913946
913951
913958
913997
914019
914034
914042
914126
914135
914162
913837
913856
913925
913967
913976
913995
914030
914093
913832
913840
913935
913943
913994
914011
914015
914017
914039
914067
914068
914081
914095
914121
914146
914156
913836
913861
913921
913957
914060
914089
914115
914123
913844
913894
913905
913961
914001
914071
914129
914160
913825
913854
913857
913866
913881
913893
913937
913999
914006
914043
914059
914097
914109
914125
914154
914157
913812
913834
913841
913842
913868
913879
913886
913887
913895
913931
913947
913963
913965
913988
913991
914007
914023
914031
914037
914038
914061
914064
914087
914094
914098
914101
914120
914127
914138
914139
914149
914153
913814
913873
913952
913956
914065
914073
914077
914137
913823
913883
914005
914032
914035
914050
914056
914111
913821
913827
913850
913884
913890
913938
913939
913960
913981
913990
913998
914020
914025
914026
914057
914058
914072
914074
914078
914079
914086
914106
914108
914132
913809
913811
913817
913818
913833
913846
913849
913860
913875
913882
913889
913891
913896
913901
913902
913917
913920
913924
913933
913944
913948
913955
913966
913968
913969
913971
913974
913975
913980
913983
913987
913992
914002
914013
914024
914036
914040
914041
914044
914052
914055
914062
914075
914083
914084
914085
914092
914104
914105
914116
914118
914133
914134
914140
914150
914152