915852
915909
915850
915806
915807
915808
915810
915815
915819
915820
915825
915832
915834
915835
915841
915844
915869
915874
915896
915899
915904
915905
915907
915892
915898
915908
915912
915884
915868
915880
915816
915824
915872
915817
915831
915857
915885
915888
915813
915866
915827
915838
915853
915855
915804
915814
915897
915913
915845
915849
915903
915811
915863
915877
915891
915914
915805
915830
915859
915865
915875
915895
915906
915911
915809
915821
915840
915843
915870
915883
915902
915823
915910
915803
915812
915818
915846
915848
915851
915887
915894
915882
915822
915826
915828
915833
915836
915837
915839
915842
915847
915854
915856
915860
915861
915862
915864
915867
915871
915876
915879
915881
915886
915889
915890
915893
915900
915829
915858
915873
915878
915901