916094
916068
916070
916076
916077
916078
916087
916092
916096
916100
916113
916115
916116
916119
916124
916125
916082
916101
916106
916123
916088
916130
916098
916107
916081
916084
916126
916104
916111
916132
916122
916127
916128
916097
916120
916067
916074
916080
916086
916117
916133
916134
916105
916069
916083
916091
916093
916135
916073
916095
916066
916071
916075
916079
916085
916089
916090
916099
916102
916103
916109
916110
916112
916114
916118
916121
916129
916131
916136
916137
916065
916072
916108