916182
916144
916197
916202
916222
916148
916160
916185
916177
916235
916164
916138
916139
916141
916145
916146
916147
916149
916152
916153
916154
916161
916168
916171
916175
916187
916192
916194
916196
916199
916203
916204
916206
916208
916209
916210
916218
916219
916226
916228
916229
916230
916231
916233
916189
916142
916150
916156
916157
916159
916162
916163
916165
916167
916169
916170
916173
916174
916176
916179
916181
916186
916188
916191
916193
916195
916200
916205
916213
916214
916216
916217
916220
916221
916223
916225
916236
916237
916155
916166
916178
916180
916190
916234
916211
916232
916140
916143
916212
916215
916227
916151
916172
916184
916201
916207
916224
916158
916183
916198