919213
919228
919268
919283
919217
919231
919252
919253
919254
919267
919272
919286
919307
919308
919309
919322
919221
919250
919276
919305
919262
919317
919241
919296
919248
919303
919233
919266
919288
919321
919240
919257
919295
919312
919238
919293
919218
919265
919273
919320
919239
919294
919219
919234
919235
919243
919247
919258
919263
919274
919289
919290
919298
919302
919313
919318
919226
919236
919261
919281
919291
919316
919214
919216
919220
919222
919225
919269
919271
919275
919277
919280
919215
919224
919244
919249
919264
919270
919279
919299
919304
919319
919227
919256
919260
919282
919311
919315
919223
919278
919229
919230
919232
919237
919242
919245
919246
919251
919255
919259
919284
919285
919287
919292
919297
919300
919301
919306
919310
919314