920122
920171
920105
920121
920154
920170
920094
920096
920097
920098
920118
920143
920145
920146
920147
920167
920077
920126
920123
920172
920088
920137
920091
920109
920113
920140
920158
920162
920100
920149
920119
920168
920093
920142
920084
920085
920090
920099
920102
920103
920104
920106
920110
920112
920133
920134
920139
920148
920151
920152
920153
920155
920159
920161
920087
920136
920092
920141
920080
920083
920116
920129
920132
920165
920095
920101
920108
920144
920150
920157
920076
920111
920114
920125
920160
920163
920086
920089
920107
920135
920138
920156
920075
920078
920079
920081
920115
920120
920124
920127
920128
920130
920164
920169
920082
920117
920131
920166