921536
921507
921524
921526
921532
921535
921537
921538
921541
921558
921560
921562
921563
921569
921571
921574
921576
921547
921552
921561
921565
921577
921510
921530
921521
921525
921566
921512
921516
921520
921522
921529
921531
921544
921564
921570
921515
921573
921518
921533
921549
921527
921528
921502
921506
921509
921543
921551
921553
921503
921504
921554
921568
921550
921514
921548
921557
921559
921572
921575
921511
921519
921546
921508
921513
921534
921539
921542
921555
921556
921567
921505
921517
921523
921540
921545