921731
921719
921751
921695
921706
921715
921721
921732
921742
921748
921750
921755
921761
921691
921753
921697
921705
921711
921729
921733
921709
921738
921756
921763
921713
921762
921764
921752
921718
921717
921730
921728
921692
921701
921707
921747
921698
921736
921740
921744
921757
921766
921749
921722
921734
921760
921703
921741
921723
921727
921745
921758
921720
921693
921694
921702
921716
921724
921737
921739
921743
921725
921690
921696
921699
921704
921712
921714
921735
921746
921759
921767
921700
921708
921710
921726
921754
921765