930845
930868
930834
930894
930843
930856
930876
930898
930901
930902
930859
930881
930897
930905
930863
930833
930842
930861
930904
930835
930839
930848
930838
930899
930873
930850
930884
930896
930853
930849
930854
930864
930874
930878
930880
930882
930888
930892
930907
930877
930887
930852
930855
930865
930893
930862
930879
930837
930844
930857
930851
930866
930870
930890
930891
930900
930906
930830
930831
930832
930836
930840
930841
930846
930847
930858
930860
930867
930869
930871
930872
930875
930883
930885
930886
930889
930895
930903