932329
932372
932369
932322
932344
932364
932313
932360
932281
932320
932334
932286
932292
932302
932303
932330
932336
932367
932374
932288
932297
932304
932315
932317
932342
932350
932356
932359
932282
932285
932309
932319
932324
932326
932328
932346
932298
932300
932325
932343
932348
932366
932333
932354
932287
932301
932323
932351
932361
932291
932311
932316
932335
932349
932358
932365
932371
932289
932353
932290
932307
932352
932340
932362
932283
932294
932296
932299
932337
932339
932345
932370
932295
932305
932308
932310
932318
932327
932347
932363
932368
932373
932284
932293
932306
932312
932314
932321
932331
932332
932338
932341
932355
932357