937951
937968
937973
937949
937958
937983
937992
938002
937943
938006
937930
937972
937977
937996
938009
937937
937956
937966
937948
937950
937962
937967
937981
937982
937989
937995
937929
937940
937942
937944
937947
937975
937934
937945
937946
937952
937954
937957
937961
937964
937965
937969
937971
937978
937984
937986
937987
937988
938001
938004
938005
938007
938010
937931
937938
937933
937936
937939
937953
937970
937985
937990
937994
937997
937999
938011
937932
937941
937955
937960
937976
937979
938000
938003
938008
938012
937935
937959
937963
937974
937980
937991
937993
937998