938266
938276
938291
938304
938307
938311
938260
938277
938306
938309
938329
938267
938290
938293
938301
938315
938322
938327
938332
938262
938294
938295
938310
938289
938326
938265
938271
938284
938285
938300
938323
938261
938313
938324
938302
938258
938269
938274
938278
938281
938287
938297
938317
938331
938257
938268
938279
938298
938299
938318
938330
938333
938316
938305
938273
938275
938283
938303
938308
938320
938325
938328
938264
938272
938282
938286
938296
938314
938259
938263
938270
938280
938288
938292
938312
938319
938321