939697
939702
939721
939687
939705
939717
939736
939690
939696
939709
939712
939719
939720
939724
939751
939683
939686
939700
939730
939685
939691
939707
939715
939746
939671
939679
939693
939674
939682
939735
939747
939723
939739
939672
939680
939742
939704
939733
939689
939710
939713
939716
939725
939737
939698
939714
939688
939722
939670
939678
939706
939718
939726
939729
939732
939740
939750
939669
939673
939677
939681
939684
939692
939695
939699
939701
939703
939727
939734
939738
939743
939744
939745
939749
939694
939708
939711
939728
939731
939741
939748