940204
940254
940255
940282
940257
940230
940250
940253
940199
940218
940215
940201
940269
940274
940258
940224
940251
940262
940203
940216
940226
940256
940275
940237
940202
940232
940239
940225
940240
940200
940205
940212
940220
940223
940229
940233
940234
940245
940252
940267
940271
940272
940273
940276
940284
940210
940219
940259
940280
940281
940283
940209
940214
940222
940227
940242
940247
940249
940260
940285
940198
940263
940264
940208
940211
940241
940265
940261
940206
940207
940228
940231
940243
940270
940277
940278
940217
940236
940244
940213
940221
940235
940238
940246
940248
940266
940268
940279