940369
940387
940405
940451
940377
940385
940427
940439
940449
940428
940383
940409
940423
940397
940403
940415
940430
940441
940444
940375
940448
940372
940446
940407
940437
940447
940389
940404
940431
940416
940392
940417
940435
940376
940374
940388
940391
940402
940418
940424
940425
940438
940440
940411
940422
940370
940379
940386
940406
940421
940450
940382
940413
940432
940433
940445
940436
940400
940384
940420
940378
940434
940373
940399
940414
940426
940442
940380
940398
940401
940371
940381
940390
940393
940394
940395
940396
940408
940410
940412
940419
940429
940443