944309
944312
944353
944354
944364
944308
944319
944332
944341
944318
944338
944343
944345
944360
944366
944370
944340
944374
944313
944335
944348
944365
944372
944384
944361
944362
944315
944324
944352
944317
944331
944371
944310
944311
944326
944327
944329
944333
944337
944346
944367
944379
944383
944316
944321
944322
944325
944330
944334
944336
944342
944347
944350
944351
944355
944359
944363
944369
944373
944375
944376
944382
944320
944328
944339
944349
944356
944358
944368
944377
944378
944380
944314
944323
944344
944357
944381