976281
976282
976283
976284
976285
976286
976287
976288
976289
976290
976291
976292
976294
976295
976296
976297
976293
976298
976299
976300
976301
976302
976303
976318
976319
976320
976304
976305
976306
976307
976308
976309
976310
976311
976312
976313
976314
976315
976316
976317
976321
976322
976323
976324
976325
976326
976327
976328
976329
976330
976331
976332
976333
976334
976335
976336
976337
976356
976357
976358
976359
976360
976361
976338
976339
976340
976341
976342
976343
976344
976345
976346
976347
976348
976349
976350
976351
976352
976353
976354
976355
976362
976363
976364
976365
976366
976367
976368
976369
976370
976371