946535
946536
946537
946538
946539
946540
946541
946542
946543
946544
946545
946546
946547
946548
946549
946550
946551
946552
946553
946554
946555
946556
946557
946558
946559
946560
946561
946562
946563
946564
946565
946566
946567
946568
946569
946570
946571
946572
946579
946585
946573
946574
946575
946576
946577
946578
946580
946581
946582
946583
946584
946586
946587
946588
946589
946590
946591
946592
946593
946603
946604
946605
946606
946594
946595
946596
946597
946598
946599
946600
946601
946602
946607
946608
946609
946610
946611
946612