947123
947124
947125
947126
947127
947128
947129
947130
947131
947132
947133
947134
947135
947136
947137
947138
947139
947141
947142
947143
947144
947145
947146
947140
947148
947149
947150
947151
947152
947153
947147
947154
947155
947156
947157
947166
947170
947159
947160
947161
947158
947162
947163
947164
947165
947167
947168
947169
947171
947172
947173
947174
947175
947176
947177
947178
947179
947180
947181
947182
947183
947184
947188
947189
947190
947191
947192
947185
947186
947187
947193
947194
947195
947196
947197
947198
947199