947614
947615
947616
947617
947618
947619
947620
947621
947622
947623
947624
947625
947626
947627
947628
947629
947630
947631
947632
947633
947634
947635
947636
947637
947641
947642
947643
947644
947638
947639
947640
947645
947646
947647
947648
947649
947650
947651
947652
947653
947654
947655
947656
947657
947658
947659
947660
947661
947662
947663
947670
947667
947664
947665
947666
947668
947669
947671
947672
947673
947674
947675
947676
947677
947678
947679
947680
947681
947685
947686
947687
947688
947682
947683
947684
947689
947690
947691
947692
947693