947695
947696
947697
947694
947698
947699
947700
947701
947702
947703
947704
947705
947706
947707
947708
947709
947710
947711
947712
947714
947715
947716
947717
947718
947719
947720
947713
947722
947723
947724
947725
947726
947727
947728
947729
947730
947731
947732
947733
947734
947735
947721
947736
947737
947738
947739
947740
947741
947750
947751
947753
947742
947743
947744
947745
947746
947747
947748
947749
947752
947754
947755
947756
947757
947758
947759
947760
947761
947762
947763
947764
947765
947766
947767
947768
947769
947770
947771
947772
947773