943367
943369
943380
943388
943414
948176
948177
948178
948179
948180
948181
948182
943376
943391
943411
948183
948184
943361
943359
943387
948185
948186
948187
943362
943373
943393
943400
948188
948189
948198
948199
948200
948201
948202
948203
948204
948205
948206
948190
948191
948192
948193
948194
948195
948196
948197
943360
943375
943379
943402
943378
943401
943410
943363
943364
943397
948207
948208
943381
943395
948209
948210
943374
948211
943365
943383
943407
948212
943384
943385
943386
943390
948213
948218
948219
943399
943404
943408
943409
948214
943368
948215
943406
948216
948217
943371
943394
948220
948221
943382
943396
948222
948223
943412
943372
948229
943370
943398
948224
948225
948226
948227
948228
943358
943366
943377
943389
943392
943403
943405
943413
948230
948231