949721
949722
949723
949724
949725
949726
949727
949728
949729
949730
949731
949732
949733
949734
949735
949736
949737
949738
949740
949741
949742
949743
949744
949745
949746
949747
949748
949739
949750
949751
949749
949752
949753
949754
949755
949756
949757
949758
949759
949760
949761
949766
949762
949763
949764
949765
949767
949768
949769
949770
949771
949772
949784
949785
949786
949787
949788
949773
949774
949775
949776
949777
949778
949779
949780
949781
949782
949783
949789
949790
949791
949792
949793
949794