952188
952189
952190
952191
952192
952193
952187
952194
952195
952196
952197
952198
952199
952200
952201
952202
952203
952204
952205
952206
952208
952209
952210
952211
952207
952212
952214
952215
952216
952213
952217
952218
952219
952220
952221
952222
952223
952224
952225
952226
952227
952228
952229
952230
952231
952232
952233
952234
952235
952236
952237
952238
952239
952240
952241
952256
952257
952258
952242
952243
952246
952244
952245
952247
952248
952249
952250
952251
952252
952253
952254
952255
952259
952260
952261
952262
952263
952269
952264
952265
952266
952267
952268
952270
952271
952272
952273
952274
952275
952276
952277
952278
952279