955939
955940
955941
955942
955943
955944
955945
955946
955947
955948
955949
955950
955951
955952
955953
955954
955955
955956
955957
955958
955959
955960
955961
955962
955963
955964
955965
955966
955967
955968
955969
955970
955971
955972
955973
955974
955975
955976
955977
955978
955979
955980
955981
955982
955983
955984
955985
955986
955989
955990
955991
955987
955988
955992
955993
955994
955995
955996
955997
955998
955999
956000
956001
956002
956003
956004
956012
956013
956014
956005
956006
956007
956008
956009
956010
956011
956015
956016
956017
956018
956019