958498
958499
958500
958501
958502
958503
958504
958505
958506
958507
958508
958509
958510
958511
958512
958513
958514
958515
958516
958517
958520
958521
958518
958519
958523
958524
958525
958526
958527
958528
958529
958530
958531
958532
958533
958522
958534
958535
958536
958537
958538
958539
958547
958540
958541
958542
958543
958544
958545
958546
958548
958549
958550
958551
958558
958559
958552
958553
958554
958555
958556
958557
958560
958561
958562
958563
958564
958565
958566
958567
958568
958569
958570
958571
958572
958573
958574