959079
959080
959081
959082
959083
959084
959085
959086
959087
959088
959089
959090
959091
959092
959093
959094
959095
959096
959097
959100
959101
959102
959098
959099
959103
959104
959105
959106
959107
959108
959109
959110
959111
959112
959113
959114
959115
959116
959117
959118
959119
959120
959121
959122
959123
959124
959125
959131
959126
959127
959128
959129
959130
959132
959133
959134
959135
959136
959137
959138
959139
959140
959141
959142
959143
959144
959145
959146
959147
959148
959149
959150
959151
959152
959153
959154
959155
959156
959157
959158
959159
959160
959161
959162
959163
959164
959165