961291
961292
961293
961294
961295
961296
961297
961298
961299
961300
961301
961302
961303
961304
961305
961306
961307
961308
961309
961310
961311
961312
961313
961314
961315
961317
961318
961316
961319
961320
961321
961322
961323
961324
961325
961332
961333
961334
961335
961336
961326
961327
961328
961329
961330
961331
961337
961338
961339
961340
961341
961342
961343
961344
961345
961346
961347
961348
961354
961355
961349
961350
961351
961352
961353
961356
961357
961358
961359
961360
961361
961362
961363
961364