962539
962540
962541
962542
962543
962544
962545
962546
962547
962548
962549
962550
962551
962552
962553
962554
962555
962556
962557
962558
962559
962560
962562
962563
962564
962565
962566
962561
962567
962568
962569
962570
962571
962572
962573
962574
962575
962576
962577
962578
962579
962580
962581
962582
962583
962584
962585
962586
962587
962588
962589
962590
962591
962592
962593
962594
962595
962596
962597
962603
962598
962599
962600
962601
962602
962604
962605
962606
962607
962608
962609
962610
962611
962612
962613
962614
962615
962616
962617
962618
962619
962620
962621
962622
962623
962624
962625
962626
962627
962628
962629
962630
962631