964110
964111
964112
964113
964114
964115
964116
964117
964118
964119
964120
964121
964122
964123
964124
964125
964126
964127
964128
964129
964130
964131
964132
964133
964134
964135
964136
964137
964138
964140
964139
964141
964142
964143
964144
964145
964146
964147
964148
964149
964150
964151
964159
964167
964152
964153
964154
964155
964156
964157
964158
964160
964161
964162
964163
964164
964165
964166
964168
964169
964170
964176
964177
964178
964171
964172
964173
964174
964175
964179
964180
964181
964182
964183
964184
964185
964186
964187
964188
964189