964773
964774
964775
964776
964777
964778
964779
964780
964781
964782
964783
964784
964785
964786
964787
964788
964789
964790
964791
964792
964793
964794
964797
964798
964799
964800
964801
964802
964803
964804
964805
964806
964795
964796
964807
964808
964809
964810
964811
964812
964813
964814
964815
964816
964817
964818
964819
964820
964821
964822
964823
964824
964825
964826
964827
964828
964829
964830
964831
964832
964833
964834
964835
964836
964837
964838
964839
964840
964841
964842
964843
964848
964849
964850
964851
964844
964845
964846
964847
964852
964853