965052
965053
965054
965055
965056
965057
965058
965059
965063
965060
965061
965062
965064
965065
965066
965067
965068
965069
965070
965071
965072
965073
965074
965077
965078
965079
965080
965081
965075
965076
965084
965085
965082
965083
965086
965087
965088
965089
965090
965091
965092
965093
965094
965095
965096
965097
965098
965099
965100
965101
965102
965103
965104
965105
965106
965107
965108
965109
965110
965119
965111
965112
965113
965114
965115
965116
965117
965118
965120
965121
965122
965123
965124
965125
965126
965127
965128