966170
966171
966172
966173
966174
966175
966176
966177
966178
966180
966179
966181
966182
966183
966184
966185
966186
966187
966188
966189
966190
966191
966192
966193
966194
966196
966197
966198
966199
966200
966195
966201
966202
966203
966204
966205
966206
966207
966208
966209
966210
966211
966212
966213
966217
966218
966222
966223
966214
966215
966216
966219
966220
966221
966224
966225
966226
966227
966228
966229
966230
966235
966236
966237
966238
966231
966232
966233
966234
966239
966240
966241
966242
966243
966244