966455
966456
966457
966458
966459
966460
966461
966462
966463
966464
966465
966466
966467
966468
966469
966470
966471
966472
966473
966474
966475
966476
966477
966479
966480
966481
966482
966483
966478
966484
966486
966487
966485
966488
966489
966490
966491
966492
966499
966500
966503
966508
966493
966494
966495
966496
966497
966498
966501
966502
966504
966505
966506
966507
966509
966510
966511
966512
966513
966514
966515
966516
966517
966518
966525
966526
966519
966520
966521
966522
966523
966524
966527
966528
966529
966530
966531