969021
969022
969023
969024
969025
969026
969027
969028
969029
969030
969031
969034
969032
969033
969035
969036
969037
969038
969039
969040
969041
969042
969043
969044
969045
969046
969047
969048
969049
969050
969051
969052
969053
969056
969057
969058
969059
969054
969055
969060
969061
969062
969063
969064
969065
969066
969067
969068
969069
969070
969071
969072
969073
969074
969075
969076
969077
969078
969079
969080
969081
969082
969083
969084
969085
969086
969093
969094
969095
969087
969088
969089
969090
969091
969092
969096
969097
969098
969099
969100
969101
969102
969103
969104
969105
969106
969107
969108
969109
969110
969111
969112
969113
969114
969115
969116
969117