973074
973075
973076
973077
973078
973079
973080
973081
973082
973083
973084
973085
973086
973087
973088
973089
973090
973091
973092
973093
973094
973095
973096
973097
973098
973099
973100
973101
973102
973103
973104
973105
973106
973107
973108
973109
973110
973111
973112
973113
973115
973114
973116
973117
973118
973119
973120
973121
973122
973123
973124
973125
973126
973127
973128
973129
973130
973131
973132
973133
973134
973135
973136
973137
973138
973139
973140
973141
973142
973143
973144
973145
973146
973147
973148
973149
973150
973151
973152
973153
973154
973155