974463
974464
974465
974466
974467
974468
974469
974470
974471
974472
974473
974474
974475
974476
974477
974478
974479
974480
974481
974482
974483
974484
974485
974486
974487
974488
974489
974490
974491
974492
974493
974494
974495
974496
974497
974498
974501
974502
974503
974499
974500
974504
974505
974506
974507
974508
974509
974510
974511
974512
974513
974514
974515
974516
974517
974518
974519
974520
974521
974522
974523
974524
974525
974526
974527
974528
974529
974530
974531
974532
974533
974534
974535
974536