974537
974538
974539
974540
974541
974542
974543
974544
974545
974546
974547
974548
974549
974550
974551
974552
974553
974554
974555
974556
974557
974558
974559
974560
974561
974562
974563
974564
974565
974566
974567
974568
974569
974570
974571
974572
974573
974574
974575
974576
974577
974578
974588
974589
974590
974579
974580
974581
974582
974583
974584
974585
974586
974587
974591
974592
974593
974594
974595
974596
974597
974598
974599
974600
974601
974602
974603
974604
974605
974606
974607
974608
974609
974610