975364
975365
975366
975367
975368
975369
975370
975371
975372
975373
975374
975375
975376
975377
975378
975379
975380
975381
975382
975383
975384
975385
975386
975387
975388
975389
975390
975391
975392
975393
975394
975395
975396
975397
975398
975399
975400
975401
975402
975403
975428
975434
975404
975405
975406
975407
975408
975409
975410
975411
975412
975413
975414
975415
975416
975417
975418
975419
975420
975421
975422
975423
975424
975425
975426
975427
975429
975430
975431
975432
975433
975435
975436
975437
975438
975439
975440
975441
975446
975447
975448
975442
975443
975444
975445
975449
975450