983111
983112
983113
983114
983115
983116
983117
983118
983119
983120
983121
983122
983123
983124
983125
983126
983127
983128
983129
983130
983131
983132
983133
983134
983135
983136
983137
983138
983139
983140
983141
983142
983143
983144
983145
983146
983147
983148
983149
983150
983151
983152
983153
983154
983155
983156
983157
983158
983159
983160
983161
983162
983163
983164
983165
983166
983167
983168
983169
983170
983171
983172
983173
983174
983175
983176
983177
983178
983179
983180
983181
983182
983183
983184
983185
983186
983187