976886
976887
976888
976889
976890
976891
976892
976893
976894
976895
976896
976897
976885
976898
976899
976900
976901
976903
976902
976904
976905
976906
976907
976908
976909
976910
976911
976912
976913
976914
976915
976916
976917
976918
976919
976920
976921
976922
976923
976924
976925
976926
976927
976928
976929
976930
976931
976932
976933
976934
976935
976936
976937
976938
976951
976952
976939
976940
976941
976942
976943
976944
976945
976946
976947
976948
976949
976950
976953
976954
976955
976956
976957
976958
976959
976963
976964
976965
976960
976961
976962
976966
976967
976968
976969