977455
977456
977457
977458
977459
977460
977461
977462
977463
977464
977465
977466
977467
977468
977469
977470
977471
977472
977473
977474
977475
977476
977477
977478
977479
977480
977481
977482
977483
977484
977485
977486
977487
977488
977489
977490
977491
977492
977493
977494
977495
977496
977497
977498
977499
977507
977500
977501
977502
977503
977504
977505
977506
977508
977509
977510
977511
977512
977513
977514
977515
977523
977516
977517
977518
977519
977520
977521
977522
977524
977525
977526
977527
977528
977529
977530
977531