977604
977605
977606
977607
977608
977609
977610
977611
977612
977613
977614
977615
977616
977617
977618
977619
977620
977621
977622
977623
977624
977625
977626
977627
977628
977629
977630
977631
977632
977633
977634
977635
977636
977637
977638
977639
977640
977641
977642
977643
977644
977645
977646
977647
977648
977649
977650
977651
977652
977653
977654
977655
977656
977657
977658
977664
977665
977666
977667
977668
977659
977660
977661
977662
977663
977669
977670
977671
977672
977673
977674
977675
977676
977677
977678
977679
977680
977681
977682
977695
977683
977684
977685
977686
977687
977688
977689
977690
977691
977692
977693
977694
977696
977697
977698
977699
977700
977701
977702