977837
977838
977839
977840
977841
977842
977843
977844
977845
977846
977847
977848
977849
977850
977851
977852
977853
977854
977855
977856
977857
977858
977859
977860
977861
977862
977863
977864
977865
977866
977867
977868
977869
977870
977871
977872
977873
977874
977875
977876
977877
977886
977887
977878
977879
977880
977881
977882
977883
977884
977885
977888
977889
977890
977891
977892
977893
977894
977895
977896
977897
977898
977899
977902
977903
977900
977901
977904
977905
977906
977907
977908
977909
977910