981499
981500
981501
981502
981503
981504
981505
981506
981507
981508
981509
981510
981511
981512
981513
981514
981515
981516
981517
981518
981519
981520
981521
981522
981523
981524
981525
981526
981527
981528
981529
981530
981531
981532
981533
981534
981535
981536
981537
981538
981539
981540
981541
981542
981543
981544
981545
981546
981547
981548
981549
981550
981551
981552
981553
981554
981555
981556
981557
981559
981560
981558
981561
981562
981563
981564
981565
981578
981566
981567
981568
981569
981570
981571
981572
981573
981574
981575
981576
981577
981579
981580
981581
981582
981583
981593
981594
981584
981585
981586
981587
981588
981589
981590
981591
981592
981595
981596
981597
981598
981599
981600
981601
981602
981603
981604
981605
981606