978229
978230
978231
978232
978233
978234
978235
978236
978237
978238
978239
978240
978241
978242
978243
978244
978245
978246
978247
978248
978249
978250
978251
978252
978253
978254
978255
978256
978257
978258
978259
978260
978261
978262
978263
978264
978265
978266
978267
978268
978269
978270
978271
978272
978273
978274
978275
978276
978277
978283
978278
978279
978280
978281
978282
978284
978285
978286
978287
978288
978289
978290
978291
978292
978293
978294
978300
978301
978302
978295
978296
978297
978298
978299
978303
978304
978305