978556
978557
978558
978559
978560
978561
978562
978563
978564
978565
978566
978567
1082447
1082448
1082449
1082450
1082451
978568
978569
978570
978571
978572
978573
978574
978575
978576
978577
978578
978579
978580
978581
978582
978583
978584
978585
978586
978587
978588
978589
978590
978591
978592
978593
978594
978595
978596
978597
978598
978606
978607
978599
978600
978601
978602
978603
978604
978605
978608
978609
978610
978611
978612
978613
978614
978615
978616
978617
978624
978625
978618
978619
978620
978621
978622
978623
978626
978627
978628