979513
979514
979515
979516
979517
979518
979519
979520
979521
979522
979523
979524
979525
979526
979527
979528
979529
979530
979531
979532
979533
979534
979535
979536
979537
979538
979539
979540
979541
979542
979543
979544
979545
979546
979547
979548
979549
979550
979551
979552
979553
979554
979555
979556
979557
979558
979559
979560
979561
979562
979571
979563
979564
979565
979566
979567
979568
979569
979570
979572
979573
979574
979575
979576
979577
979578
979579
979580
979581
979588
979589
979582
979583
979584
979585
979586
979587
979590
979591
979592
979593
979594
979595
979596
979597
979598