981411
981412
981413
981414
981415
981416
981417
981418
981419
981420
981421
981422
981423
981424
981425
981426
981427
981428
981429
981430
981431
981432
981433
981434
981435
981436
981437
981438
981439
981440
981441
981442
981443
981444
981445
981446
981447
981448
981449
981450
981451
981452
981453
981454
981455
981456
981457
981458
981459
981460
981461
981462
981463
981464
981465
981466
981467
981468
981469
981470
981471
981472
981473
981474
981475
981476
981477
981478
981479
981480
981481
981482
981483
981491
981484
981485
981486
981487
981488
981489
981490
981492
981493
981494
981495
981496
981497
981498