980588
980589
980590
980591
980592
980593
980594
980595
980596
980597
980598
980599
980600
980601
980602
980603
980604
980605
980606
980607
980608
980609
980610
980611
980612
980613
980614
980615
980616
980617
980618
980619
980620
980621
980622
980623
980624
980625
980626
980627
980628
980629
980630
980631
980632
980633
980634
980635
980636
980641
980644
980645
980646
980637
980638
980639
980640
980642
980643
980647
980648
980649
980650
980651
980656
980657
980652
980653
980654
980655
980658
980659
980660
980661
980662
980663