980893
980894
980895
980896
980897
980898
980899
980900
980901
980902
980903
980904
980905
980906
980907
980908
980909
980910
980911
980912
980913
980914
980915
980916
980917
980918
980919
980920
980921
980922
980923
980924
980925
980926
980927
980928
980929
980930
980931
980932
980933
980934
980935
980936
980937
980938
980939
980940
980941
980942
980943
980944
980945
980946
980947
980948
980949
980950
980951
980952
980953
980954
980955
980956
980957
980958
980959
980960
980961
980962
980963
980964
980965
980966
980967
980968
980969
980970