982064
982065
982066
982067
982068
982069
982070
982071
982072
982073
982074
982075
982076
982077
982078
982079
982080
982081
982082
982083
982084
982085
982086
982087
982088
982089
982090
982091
982092
982093
982094
982095
982096
982097
982098
982099
982100
982101
982102
982103
982104
982105
982106
982107
982108
982109
982110
982111
982112
982113
982114
982115
982116
982117
982118
982119
982120
982121
982122
982123
982124
982125
982126
982127
982128
982129
982130
982131
982132
982133
982134
982135
982136
982137