982286
982287
982288
982289
982290
982291
982292
982293
982294
982295
982296
982297
982298
982299
982300
982301
982302
982303
982304
982305
982306
982307
982308
982309
982310
982311
982312
982313
982314
982315
982316
982317
982318
982319
982320
982321
982322
982323
982324
982325
982326
982327
982328
982329
982330
982331
982332
982333
982334
982335
982366
982336
982337
982338
982339
982340
982341
982342
982343
982344
982345
982346
982347
982348
982349
982350
982351
982352
982353
982354
982355
982356
982357
982358
982359
982360
982361
982362
982363
982364