982725
982726
982727
982728
982729
982730
982731
982732
982733
982734
982735
982736
982737
982738
982739
982740
982741
982742
982743
982744
982745
982746
982747
982748
982749
982750
982751
982752
982753
982754
982755
982756
982757
982758
982759
982760
982761
982762
982763
982764
982765
982766
982767
982768
982769
982770
982771
982772
982773
982774
982775
982776
982777
982778
982779
982780
982781
982782
982783
982784
982785
982786
982787
982788
982789
982790
982791
982792
982793
982794
982795
982796
982797
982798
982799
982800
982801
982802
982803