984477
984478
984479
984480
984481
984482
984483
984484
984485
984486
984424
984425
984405
984408
984406
984407
984459
984444
984446
984448
984461
984462
984449
984452
984455
984456
984471
984464
984467
984469
984441
984426
984427
984428
984429
984430
984431
984432
984433
984434
984470
984473
984487
984410
984412
984414
984415
984417
984418
984437
984457
984458
984413
984472
984443
984442
984423
984435
984436
984438
984439
984440
984409
984422
984416
984419
984420
984421
984445
984447
984450
984451
984453
984454
984460
984463
984465
984466
984468
984474
984475
984476
984488