986544
986545
986546
986547
986548
986549
986551
986552
986553
986487
986488
986479
986483
986480
986481
986482
986486
986524
986525
986526
986543
986528
986529
986530
986531
986532
986527
986533
986534
986535
986496
986489
986490
986491
986492
986484
986485
986536
986537
986494
986495
986493
986510
986511
986512
986513
986520
986521
986522
986517
986518
986519
986514
986515
986516
986497
986498
986499
986500
986501
986502
986503
986504
986505
986506
986507
986508
986509
986538
986539
986540
986541
986542