986798
986799
986800
986801
986802
986803
986804
986805
986806
986807
986808
986738
986739
986740
986741
986742
986730
986735
986731
986732
986733
986734
986737
986781
986782
986780
986785
986783
986784
986786
986748
986749
986750
986751
986743
986744
986745
986746
986747
986809
986736
986787
986788
986789
986757
986758
986763
986764
986765
986766
986767
986768
986797
986779
986778
986770
986773
986774
986775
986776
986777
986771
986772
986759
986761
986762
986752
986753
986754
986755
986756
986790
986791
986792
986793
986794
986795
986796