986963
986964
986965
986966
986967
986968
986969
986970
986902
986903
986891
986892
986910
986911
986912
986913
986914
986915
986916
986917
986918
986959
986941
986942
986905
986925
986926
986927
986928
986929
986930
986931
986932
986933
986934
986935
986936
986937
986893
986938
986939
986940
986904
986922
986923
986924
986948
986949
986950
986951
986952
986953
986954
986955
986956
986957
986906
986919
986920
986921
986943
986944
986945
986946
986947
986907
986908
986909
986958
986894
986895
986896
986897
986898
986899
986900
986901
986960
986961
986962