988037
988038
988039
988040
988041
988042
988043
988045
988046
987975
987999
987980
987981
987982
987988
987989
987990
987991
987992
987993
987994
987995
987996
987997
987998
988005
988002
988006
988016
987967
987968
987969
988017
988018
988019
988007
987976
987977
987978
988014
987970
988034
988035
988036
987979
988003
988004
988000
988001
988015
988008
988010
988011
988012
988024
988025
988026
988027
988028
988029
988030
988031
988032
988033
987983
987984
987985
987986
987987
987971
987972
987973
987974
988021
988022
988023