988121
988122
988123
988124
988125
988126
988127
988128
988129
988130
988131
988132
988054
988047
988050
988094
988095
988096
988097
988098
988092
988093
988099
988100
988101
988102
988103
988104
988105
988106
988107
988063
988055
988056
988057
988058
988059
988111
988112
988113
988114
988115
988116
988117
988118
988119
988048
988049
988051
988052
988053
988060
988061
988062
988074
988075
988080
988081
988090
988091
988087
988088
988089
988086
988082
988076
988084
988085
988083
988077
988078
988079
988064
988065
988066
988067
988068
988069
988070
988071
988072
988073
988108
988109
988110
988120