988337
988338
988339
988340
988341
988342
988343
988344
988345
988278
988279
988272
988273
988277
988334
988323
988324
988325
988326
988327
988328
988291
988280
988281
988282
988283
988285
988286
988287
988288
988289
988284
988333
988275
988276
988335
988336
988274
988290
988309
988315
988316
988317
988318
988322
988321
988319
988320
988310
988311
988312
988313
988314
988292
988293
988294
988295
988296
988297
988298
988299
988300
988301
988302
988303
988304
988305
988306
988307
988308
988329
988330
988331
988332