988845
988846
988847
988848
988849
988850
988851
988852
988853
988854
988855
988761
988762
988752
988753
988820
988821
988822
988816
988817
988818
988819
988827
988828
988823
988824
988825
988826
988763
988764
988765
988766
988767
988768
988754
988829
988830
988831
988856
988755
988756
988760
988757
988758
988759
988842
988771
988772
988773
988774
988770
988769
988801
988802
988803
988804
988805
988806
988807
988808
988809
988810
988811
988812
988813
988815
988814
988775
988776
988777
988778
988779
988780
988781
988782
988783
988784
988785
988786
988787
988788
988789
988790
988791
988792
988793
988794
988795
988796
988797
988798
988799
988800
988832
988833
988834
988835
988836
988837
988838
988839
988840
988841
988843
988844