989097
989098
989099
989100
989101
989102
989103
989104
989105
989106
989108
989109
989035
989027
989028
989029
989026
989034
989076
989077
989078
989079
989080
989081
989082
989083
989084
989085
989086
989087
989088
989089
989090
989091
989092
989093
989063
989036
989037
989038
989039
989030
989110
989031
989032
989033
989094
989040
989041
989056
989057
989058
989059
989067
989068
989069
989070
989071
989072
989111
989060
989061
989062
989074
989075
989073
989064
989065
989066
989042
989043
989044
989045
989046
989047
989048
989049
989050
989051
989052
989053
989054
989055
989095
989096
989107