862303
862307
862289
862306
862285
862291
862275
862308
862298
862272
862309
862305
862290
862295
862300
862293
862282
862287
862299
862278
862304
862281
862261
862262
862265
862267
862268
862271
862280
862284
862294
862301
862269
862263
862264
862266
862270
862276
862279
862302
862273
862332
862277
862283
862274
862286
862288
862292
862296
862297
862310
862311
862312
862313
862314
862315
862316
862317
862318
862319
862320
862321
862322
862323
862324
862325
862326
862327
862328
862329
862330
862331