864142
864146
864158
864143
864152
864157
864148
864135
864138
864133
864129
864131
864137
864145
864154
864149
864162
864132
864136
864140
864141
864144
864147
864151
864153
864155
864159
864130
864112
864115
864117
864118
864124
864127
864134
864097
864104
864107
864108
864111
864113
864114
864122
864126
864088
864089
864090
864091
864092
864093
864094
864095
864096
864098
864099
864100
864101
864102
864103
864105
864106
864109
864110
864116
864119
864120
864121
864123
864125
864128
864139
864150
864156
864160
864161