943057
943078
943089
943105
943115
943091
943062
943090
943102
943066
943073
943099
943125
943126
943077
943081
943082
943106
943111
943119
943122
943124
943128
943131
943065
943071
943076
943084
943072
943059
943069
943088
943087
943101
943130
943116
943132
943075
943103
943114
943060
943063
943064
943074
943107
943121
943135
943079
943100
943123
943127
943120
943068
943080
943096
943104
943110
943085
943097
943061
943133
943094
943070
943086
943092
943093
943095
943112
943117
943118
943108
943058
943067
943083
943098
943109
943113
943129
943134