882562
882550
882545
882553
882561
882607
882538
882618
882619
882624
882596
882534
882536
882537
882539
882541
882542
882544
882546
882549
882554
882557
882558
882559
882566
882567
882573
882574
882576
882579
882580
882582
882586
882587
882588
882589
882592
882593
882594
882595
882601
882602
882603
882606
882610
882614
882616
882620
882621
882623
882540
882564
882617
882613
882626
882535
882555
882563
882568
882570
882571
882572
882575
882578
882585
882597
882599
882604
882608
882615
882543
882547
882548
882556
882569
882577
882590
882591
882600
882605
882625
882627
882551
882552
882560
882565
882581
882583
882584
882598
882609
882611
882612
882622