912805
912756
912774
912783
912787
912796
912802
912803
912808
912755
912784
912748
912793
912753
912739
912806
912766
912732
912737
912734
912743
912745
912746
912747
912786
912810
912778
912735
912762
912738
912767
912771
912791
912736
912769
912729
912742
912760
912772
912779
912790
912764
912801
912730
912749
912752
912785
912792
912799
912800
912804
912809
912807
912740
912751
912754
912757
912758
912763
912773
912776
912780
912781
912782
912794
912798
912811
912731
912733
912741
912744
912750
912759
912761
912765
912768
912770
912775
912777
912788
912789
912795
912797