935518
935519
935520
935521
935522
935523
935524
935525
935526
935527
935528
935529
935530
935531
935532
935533
935534
935535
935536
935537
935538
935539
935540
935541
935542
935543
935544
935545
935546
935547
935548
935549
935550
935551
935552
935553
935554
935555
935556
935557
935558
935559
935566
935567
935568
935569
935561
935562
935560
935563
935564
935565
935570
935571
935572
935587
935573
935574
935575
935576
935577
935578
935579
935580
935581
935582
935583
935584
935585
935586
935588
935589
935590
935591
935592
935593
935594
935595