937468
937501
937528
937530
937532
937480
937504
937513
937465
937491
937534
937536
937448
937458
937472
937486
937489
937493
937495
937512
937515
937517
937523
937531
937475
937481
937516
937539
937471
937483
937459
937466
937470
937538
937449
937451
937453
937454
937456
937479
937484
937488
937490
937509
937510
937511
937514
937518
937519
937521
937522
937524
937525
937533
937537
937460
937505
937500
937503
937446
937499
937496
937445
937506
937477
937457
937529
937526
937447
937474
937485
937482
937450
937455
937463
937464
937469
937476
937492
937494
937502
937507
937508
937527
937535
937444
937452
937461
937462
937467
937473
937478
937487
937497
937498
937520