937842
937866
937871
937876
937819
937857
937821
937824
937863
937869
937878
937826
937836
937847
937870
937816
937875
937811
937833
937859
937814
937834
937843
937844
937846
937849
937858
937823
937850
937853
937864
937810
937808
937813
937831
937837
937855
937868
937874
937817
937828
937830
937839
937848
937860
937845
937851
937865
937877
937835
937841
937854
937856
937809
937812
937815
937820
937829
937862
937867
937872
937879
937818
937822
937825
937827
937832
937838
937840
937852
937861
937873