938837
938847
938883
938890
938898
938897
938856
938863
938875
938903
938832
938865
938838
938841
938846
938853
938864
938889
938914
938867
938899
938866
938885
938840
938849
938850
938859
938860
938872
938877
938886
938892
938896
938905
938907
938908
938911
938917
938918
938843
938881
938835
938836
938873
938887
938891
938893
938895
938901
938912
938916
938845
938854
938876
938879
938880
938882
938894
938910
938855
938862
938851
938920
938831
938844
938852
938868
938871
938888
938900
938904
938858
938869
938833
938834
938839
938842
938848
938857
938861
938870
938874
938878
938884
938902
938906
938909
938913
938915
938919