945630
945631
945632
945633
945634
945635
945636
945637
945638
945639
945640
945641
945642
945643
945644
945645
945646
945647
945648
945649
945650
945655
945656
945657
945651
945652
945653
945654
945658
945659
945660
945661
945662
945663
945664
945665
945666
945667
945668
945669
945670
945671
945672
945673
945674
945675
945676
945677
945678
945679
945680
945681
945682
945683
945684
945690
945691
945685
945686
945687
945688
945689
945692
945693
945694
945695
945698
945699
945696
945697
945700
945701
945702
945703
945704
945705
945706
945707
945708
945709