945710
945711
945712
945713
945714
945715
945716
945717
945718
945719
945720
945721
945722
945723
945724
945725
945726
945727
945728
945729
945730
945731
945732
945733
945734
945738
945739
945740
945741
945742
945743
945735
945736
945737
945744
945745
945746
945747
945748
945749
945750
945751
945752
945753
945754
945755
945756
945757
945765
945770
945771
945758
945759
945760
945761
945762
945763
945764
945766
945767
945768
945769
945772
945773
945774
945775
945776
945777
945778
945779
945780
945793
945794
945781
945782
945783
945784
945785
945786
945787
945788
945789
945790
945791
945792
945795
945796
945797
945798
945799
945800