954187
954188
954189
954190
954191
954192
954193
954194
954195
954196
954197
954198
954199
954200
954201
954202
954203
954204
954205
954206
954207
954208
954209
954210
954211
954212
954213
954214
954215
954216
954217
954218
954219
954220
954221
954222
954223
954224
954225
954226
954227
954228
954229
954230
954231
954232
954239
954240
954233
954234
954235
954236
954237
954238
954241
954242
954243
954244
954253
954254
954245
954246
954247
954248
954249
954250
954251
954252
954255
954256
954257
954258
954259
954260
954261