960324
960325
960326
960327
960328
960329
960330
960331
960332
960333
960334
960335
960336
960337
960338
960339
960340
960341
960342
960345
960346
960347
960348
960343
960344
960349
960350
960351
960352
960353
960354
960355
960356
960357
960358
960359
960360
960361
960362
960363
960364
960365
960366
960367
960368
960369
960370
960371
960372
960373
960374
960375
960376
960377
960378
960379
960380
960386
960381
960382
960383
960384
960385
960387
960388
960389
960390
960391
960392
960393
960394
960395