961524
961525
961526
961527
961528
961529
961530
961531
961532
961533
961534
961535
961536
961537
961538
961539
961540
961541
961542
961543
961544
961545
961546
961549
961550
961547
961548
961551
961552
961553
961554
961555
961556
961557
961558
961559
961560
961561
961562
961563
961564
961565
961566
961567
961568
961569
961570
961571
961572
961573
961574
961575
961576
961577
961578
961579
961580
961581
961582
961583
961584
961585
961586
961589
961587
961588
961590
961591
961592
961593
961594
961595
961596
961597
961598
961599
961600
961601
961602