967629
967630
967631
967632
967633
967634
967635
967636
967637
967638
967639
967640
967641
967642
967643
967644
967645
967646
967647
967648
967649
967650
967651
967652
967653
967654
967655
967656
967657
967658
967659
967660
967661
967662
967664
967665
967666
967667
967668
967663
967669
967670
967672
967671
967673
967674
967675
967676
967677
967678
967679
967680
967681
967682
967689
967683
967684
967685
967686
967687
967688
967690
967691
967692
967693
967694
967695
967696
967697
967698
967699
967700
967704
967701
967702
967703
967705
967706
967707
967708
967709
967710
967711
967712
967713