968041
968042
968043
968044
968045
968046
968047
968048
968049
968050
968051
984698
968052
968053
968054
968055
968056
968057
984625
984626
984627
984628
984629
984630
984631
984632
984633
984634
984635
984636
984637
984638
984639
984640
984641
984646
984647
984648
984645
984649
984650
984651
984652
984653
984654
984655
984656
984657
984642
984643
984644
984658
984659
984660
984661
984662
984663
984664
984665
984666
984667
984668
984669
984670
984671
984672
984673
984674
984675
984676
984677
984678
984679
984680
984681
984682
984683
984684
984685
984686
984687
984688
984689
984690
984691
984692
984693
984694
984695
984696
984697
984699
984700
984701
984702
984703
984704
984705