968917
968918
968919
968920
968921
968922
968923
968924
968925
968926
968927
968928
968929
968930
968931
968932
968933
968934
968935
968936
968937
968938
968939
968940
968941
968942
968943
968944
968945
968946
968947
968948
968949
968950
968951
968952
968960
968961
968962
968963
968953
968954
968955
968956
968957
968958
968959
968964
968965
968966
968967
968968
968969
968970
968971
968972
968973
968974
968975
968977
968978
968983
968984
968976
968979
968980
968981
968982
968985
968986
968987
968988
968989
968990
968991
968992
968993
968994
968995
968996
968997
969006
968998
968999
969000
969001
969002
969003
969004
969005
969007
969008
969009
969010
969011
969012
969013
969014
969015
969016
969017
969018
969019
969020