969700
969701
969702
969703
969704
969705
969706
969707
969708
969709
969710
969711
969712
969713
969714
969715
969716
969717
969718
969719
969720
969721
969722
969723
969731
969732
969733
969724
969725
969726
969727
969728
969729
969730
969734
969735
969736
969737
969738
969739
969740
969742
969741
969743
969751
969752
969744
969745
969746
969747
969748
969749
969750
969753
969754
969755
969756
969757
969758
969759
969760
969761
969769
969770
969762
969763
969764
969765
969766
969767
969768
969771
969772
969773
969774
969775