974611
974612
974613
974614
974615
974616
974617
974618
974619
974620
974621
974622
974623
974624
974625
974626
974627
974628
974629
974630
974631
974632
974633
974634
974635
974636
974637
974638
974639
974640
974641
974642
974643
974644
974645
974646
974647
974648
974649
974650
974651
974652
974653
974654
974655
974656
974657
974658
974659
974660
974661
974662
974663
974664
974665
974666
974667
974668
974669
974670
974671
974672
974673
974674
974675
974679
974680
974681
974676
974677
974678
974682
974683
974684
974685
974686
974687