974748
974749
974750
974751
974752
974753
974754
974755
974756
974757
974758
974759
974760
974761
974762
974763
974764
974765
974766
974767
974768
974769
974770
974771
974772
974776
974777
974773
974774
974775
974778
974779
974780
974781
974782
974783
974784
974785
974786
974787
974788
974789
974790
974791
974792
974793
974794
974795
974805
974796
974797
974798
974799
974800
974801
974802
974803
974804
974806
974807
974808
974809
974810
974811
974812
974813
974814
974815
974816
974822
974823
974824
974817
974818
974819
974820
974821
974825
974826
974827
974828