974889
974890
974891
974892
974893
974894
974895
974896
974897
974898
974899
974900
974901
974902
974903
974904
974905
974906
974907
974908
974909
974910
974911
974912
974913
974914
974915
974916
974917
974918
974919
974920
974921
974922
974923
974924
974925
974926
974927
974928
974929
974930
974931
974932
974933
974940
974943
974944
974945
974946
974934
974935
974936
974937
974938
974939
974941
974942
974947
974948
974949
974950
974951
974952
974953
974954
974955
974956
974963
974957
974958
974959
974960
974961
974962
974964
974965
974966
974967
974968
974969