975043
975044
975045
975046
975047
975048
975049
975050
975051
975052
975053
975054
975055
975056
975059
975057
975058
975060
975061
975062
975063
975064
975065
975066
975067
975068
975069
975070
975071
975072
975073
975074
975075
975076
975077
975078
975079
975080
975081
975082
975083
975084
975085
975086
975087
975088
975089
975090
975091
975092
975093
975094
975095
975105
975106
975107
975111
975096
975097
975098
975099
975100
975101
975102
975103
975104
975108
975109
975110
975112
975113
975114
975115
975116
975117
975118
975119
975120
975121
975122
975123
975124
975125