975126
975127
975128
975129
975130
975131
975132
975133
975134
975135
975136
975137
975138
975139
975140
975141
975142
975143
975144
975145
975146
975147
975148
975149
975150
975151
975152
975153
975154
975155
975156
975157
975158
975159
975160
975161
975162
975163
975164
975165
975166
975167
975168
975169
975170
975171
975172
975173
975184
975185
975186
975187
975188
975174
975175
975176
975177
975178
975179
975180
975181
975182
975183
975189
975190
975191
975192
975193
975203
975204
975194
975195
975196
975197
975198
975199
975200
975201
975202
975205
975206
975207
975208
975209
975210
975211