976517
976518
976519
976520
976521
976522
976523
976524
976525
976526
976527
976528
976529
976530
976531
976532
976533
976534
976535
976536
976537
976538
976539
976540
976541
976542
976543
976544
976545
976546
976547
976548
976549
976550
976551
976552
976553
976554
976555
976556
976557
976558
976559
976560
976561
976562
976563
976564
976565
976566
976567
976568
976569
976570
976571
976572
976573
976574
976575
976576
976577
976578
976579
976580
976581
976582
976583
976584
976585
976586
976587
976588
976589
976590
976591
976592
976599
976600
976601
976593
976594
976595
976596
976597
976598
976602
976603
976604
976605
976606
976607