979746
979747
979748
979749
979750
979751
979752
979753
979754
979755
979756
979757
979758
979759
979760
979761
979762
979763
979764
979765
979766
979767
979768
979769
979770
979771
979772
979773
979774
979775
979776
979777
979778
979779
979780
979781
979789
979790
979791
979792
979782
979783
979784
979785
979786
979787
979788
979793
979794
979795
979796
979797
979798
979799
979800
979801
979802
979803
979804
979805
979806
979807
979808
979809
979810
979811
979818
979819
979812
979813
979814
979815
979816
979817
979820
979821
979822
979823
979824
979825