986162
986164
986167
986168
986169
986170
986171
986172
986173
986110
986098
986111
986159
986119
986120
986121
986122
986160
986123
986124
986125
986126
986127
986128
986129
986139
986140
986141
986142
986143
986135
986161
986177
986099
986134
986153
986154
986155
986156
986100
986101
986102
986103
986104
986136
986137
986138
986130
986131
986132
986133
986157
986158
986144
986145
986146
986147
986148
986149
986150
986151
986152
986112
986113
986114
986115
986116
986117
986118
986105
986106
986107
986108
986109
986163
986165
986166