988655
988656
988657
988658
988659
988660
988661
988662
988663
988664
988665
988666
988667
988581
988582
988583
988560
988561
988562
988626
988627
988628
988629
988585
988586
988587
988589
988651
988584
988563
988630
988631
988632
988633
988634
988635
988636
988637
988638
988639
988640
988641
988642
988643
988644
988645
988646
988654
988668
988564
988565
988566
988567
988568
988569
988570
988571
988572
988573
988574
988575
988576
988577
988578
988580
988579
988588
988603
988607
988608
988609
988610
988611
988612
988625
988623
988624
988619
988620
988621
988622
988604
988605
988606
988590
988591
988592
988593
988594
988595
988596
988597
988598
988599
988600
988601
988602
988647
988648
988649
988650
988652
988653