1011290
1011315
1011317
1011303
1011305
1011306
1011313
1011314
1011261
1011280
1011282
1011288
1011289
1011232
1011233
1011222
1011223
1011224
1011225
1011226
1011227
1011228
1011229
1011230
1011231
1011244
1011193
1011194
1011195
1011196
1011197
1011198
1011199
1011200
1011201
1011202
1011203
1011204
1011205
1011206
1011207
1011208
1011209
1011210
1011211
1011212
1011213
1011214
1011215
1011216
1011217
1011218
1011219
1011220
1011221
1011245
1011234
1011235
1011236
1011237
1011238
1011239
1011240
1011241
1011243
1011308
1011311
1011298
1011299
1011291
1011292
1011293
1011294
1011321
1011322
1011325