928199
928168
928181
928162
928170
928164
928177
928178
928153
928155
928163
928173
928196
928205
928209
928215
928221
928227
928202
928207
928214
928150
928151
928152
928160
928161
928165
928166
928169
928172
928175
928179
928182
928183
928185
928186
928187
928189
928191
928192
928193
928195
928198
928200
928201
928204
928206
928211
928213
928216
928217
928219
928222
928225
928226
928220
928157
928159
928188
928218
928228
928154
928158
928194
928180
928171
928184
928167
928176
928224
928156
928174
928190
928197
928203
928208
928210
928212
928223