933152
933226
933176
933233
933194
933168
933174
933232
933178
933211
933221
933228
933234
933195
933224
933175
933204
933236
933197
933219
933205
933230
933177
933181
933183
933165
933182
933188
933200
933203
933215
933220
933216
933223
933192
933229
933196
933185
933208
933171
933173
933207
933209
933212
933227
933170
933172
933179
933180
933184
933198
933166
933167
933169
933186
933187
933189
933190
933191
933193
933199
933201
933202
933206
933210
933213
933214
933217
933218
933222
933225
933235
933237
933238