936541
936542
936543
936544
936545
936546
936547
936548
936549
936550
936551
936552
936553
936554
936556
936557
936558
936559
936555
936560
936561
936562
936563
936564
936565
936566
936567
936568
936569
936570
936571
936572
936573
936574
936575
936576
936577
936578
936579
936580
936581
936582
936583
936584
936585
936586
936587
936588
936589
936590
936594
936595
936601
936591
936592
936593
936596
936597
936598
936599
936600
936602
936603
936604
936605
936606
936607
936608
936609
936610
936611
936612
936613
936614
936615
936616