936673
936680
936709
936723
936722
936696
936664
936684
936686
936702
936720
936736
936676
936707
936708
936725
936665
936672
936677
936691
936693
936704
936730
936734
936687
936713
936712
936719
936728
936733
936670
936674
936681
936699
936701
936715
936729
936731
936703
936705
936671
936683
936689
936698
936710
936714
936717
936666
936675
936685
936688
936692
936695
936711
936716
936721
936724
936726
936727
936732
936700
936678
936690
936667
936669
936694
936697
936668
936679
936682
936706
936718
936735