938078
938083
938095
938131
938102
938107
938128
938073
938075
938086
938108
938113
938114
938124
938079
938099
938109
938110
938115
938123
938138
938139
938071
938089
938091
938092
938097
938098
938101
938103
938105
938118
938120
938121
938130
938132
938141
938146
938147
938104
938134
938094
938148
938085
938096
938129
938145
938077
938088
938136
938140
938143
938144
938080
938122
938135
938081
938082
938093
938100
938111
938112
938125
938126
938133
938070
938076
938090
938116
938117
938119
938127
938072
938074
938084
938087
938106
938137
938142