939055
939089
939106
939119
939081
939100
939120
939080
939098
939126
939059
939078
939110
939124
939115
939044
939052
939053
939056
939066
939079
939102
939112
939116
939076
939048
939062
939068
939088
939099
939109
939111
939117
939045
939046
939070
939093
939108
939086
939087
939123
939074
939118
939050
939067
939075
939095
939049
939090
939125
939047
939051
939057
939073
939114
939060
939071
939084
939085
939097
939101
939105
939054
939058
939064
939065
939069
939072
939077
939082
939091
939104
939107
939121
939127
939061
939063
939083
939092
939094
939096
939103
939113
939122