940204
940356
940364
940286
940344
940300
940314
940359
940293
940302
940351
940321
940324
940332
940338
940343
940361
940363
940307
940294
940301
940305
940312
940313
940315
940317
940319
940328
940331
940334
940336
940345
940346
940350
940330
940354
940288
940353
940287
940291
940292
940304
940322
940325
940327
940333
940340
940347
940355
940358
940362
940365
940366
940368
940316
940299
940295
940323
940342
940348
940357
940297
940298
940309
940329
940349
940289
940306
940339
940290
940310
940311
940337
940296
940303
940308
940318
940320
940335
940341
940352
940360
940367