940570
940622
940623
940624
940625
940626
940627
940628
940629
940630
940631
940632
940633
940636
940637
940634
940635
940638
940639
940640
940641
940642
940643
940644
940645
940646
940647
940648
940649
940650
940651
940665
940667
940668
940652
940653
940654
940655
940656
940657
940658
940659
940660
940661
940662
940663
940664
940666
940669
940670
940671
940672
940673
940674
940683
940684
940685
940675
940676
940677
940678
940679
940680
940681
940682
940686
940687
940688
940689
940690
940691
940692
940693
940694
940695
940696