942524
942541
942550
942564
942578
942560
942587
942538
942576
942553
942588
942545
942558
942572
942599
942548
942556
942573
942595
942546
942561
942562
942583
942601
942565
942577
942604
942608
942537
942592
942597
942606
942607
942539
942579
942555
942574
942575
942596
942602
942566
942585
942590
942594
942600
942542
942549
942551
942552
942568
942569
942580
942589
942593
942598
942543
942544
942547
942554
942557
942559
942563
942567
942570
942571
942581
942582
942584
942586
942591
942603
942605