944039
944119
944157
944161
944112
944120
944109
944103
944138
944148
944141
944159
944126
944156
944170
944101
944105
944106
944125
944127
944135
944151
944155
944124
944143
944118
944152
944154
944104
944129
944169
944134
944128
944130
944136
944158
944168
944178
944107
944117
944121
944146
944149
944162
944174
944177
944099
944137
944171
944175
944110
944111
944113
944114
944132
944163
944123
944160
944144
944150
944165
944100
944142
944164
944102
944108
944116
944122
944131
944133
944139
944140
944145
944147
944153
944166
944167
944172
944173
944176