976372
946614
946615
946616
946617
946618
946619
946620
946621
946622
946623
946624
946625
946626
946627
946628
946629
946630
946631
946632
946633
946634
946635
946636
946637
946638
946640
946641
946642
946643
946644
946645
946646
946647
946648
946639
946649
946650
946651
946652
946653
946654
946655
946656
946657
946661
946662
946663
946668
946658
946659
946660
946664
946665
946666
946667
946669
946670
946671
946678
946679
946680
946681
946682
946672
946673
946674
946675
946676
946677
946683
946684