947373
947374
947375
947376
947377
947378
947379
947380
947381
947382
947383
947384
947385
947386
947387
947388
947389
947390
947391
947392
947394
947395
947396
947397
947393
947398
947399
947400
947401
947402
947403
947404
947414
947407
947408
947405
947406
947409
947410
947411
947412
947413
947415
947416
947417
947418
947427
947428
947419
947420
947421
947422
947423
947424
947425
947426
947429
947430
947431
947432
947433
947434
947435
947436
947437
947438
947439
947440
947441
947442
947443
947444
947445