948818
948819
948820
948821
948822
948823
948824
948825
948826
948827
948828
948829
948830
948831
948832
948833
948834
948835
948836
948837
948838
948839
948840
948841
948842
948843
948844
948845
948846
948847
948849
948850
948851
948852
948853
948848
948854
948855
948856
948857
948858
948859
948860
948861
948869
948862
948863
948864
948865
948866
948867
948868
948870
948871
948872
948873
948874
948875
948876
948877
948878
948885
948886
948887
948888
948879
948880
948881
948882
948883
948884
948889
948890
948891
948892
948893
948894