951207
951208
951209
951210
951211
951212
951213
951214
951215
951216
951217
951218
951219
951220
951221
951222
951223
951224
951225
951226
951227
951228
951229
951230
951232
951233
951234
951235
951236
951237
951238
951239
951240
951241
951242
951243
951244
951245
951246
951247
951248
951231
951249
951250
951251
951252
951253
951254
951255
951256
951257
951258
951259
951260
951261
951262
951263
951264
951265
951266
951267
951268
951269
951270
951278
951279
951280
951281
951282
951271
951272
951273
951274
951275
951276
951277
951283
951284
951285
951286
951287
951288
951289