951542
951648
951649
951650
951651
951652
951653
951654
951655
951656
951657
951658
951659
951660
951661
951662
951663
951664
951665
951666
951667
951668
951669
951670
951671
951672
951673
951674
951675
951678
951679
951680
951681
951676
951677
951682
951683
951685
951686
951684
951687
951688
951689
951690
951691
951692
951693
951694
951695
951696
951697
951698
951699
951700
951701
951702
951703
951704
951705
951706
951707
951708
951709
951710
951711
951712
951713
951718
951720
951714
951716
951715
951717
951719
951721
951722
951723
951725
951726
951724
951727
951728
951729
951730
951731