953969
953970
953971
953972
953973
953974
953975
953976
953977
953978
953979
953980
953981
953982
953983
953984
953985
953986
953987
953988
953989
953990
953991
953992
953993
953994
953995
953996
953997
953998
954001
954002
954003
954004
953999
954000
954005
954006
954007
954008
954009
954021
954022
954026
954010
954011
954012
954013
954014
954015
954016
954017
954018
954019
954020
954023
954024
954025
954027
954031
954032
954028
954029
954030
954033
954034
954035
954036
954037
954038
954039
954040
954041
954042
954043