954111
954112
954113
954114
954115
954116
954117
954118
954119
954120
954121
954122
954123
954124
954125
954126
954127
954128
954129
954130
954131
954132
954133
954134
954135
954136
954137
954138
954139
954140
954141
954142
954143
954144
954145
954146
954147
954148
954149
954150
954151
954152
954153
954154
954155
954156
954157
954158
954159
954160
954161
954162
954163
954164
954165
954166
954167
954168
954169
954170
954171
954175
954176
954177
954172
954173
954174
954178
954179
954180
954181
954182
954183
954184
954185
954186