954322
954323
954324
954325
954326
954327
954328
954329
954330
954331
954332
954333
954334
954335
954336
954337
954339
954340
954341
954342
954343
954338
954344
954345
954346
954347
954348
954349
954350
954351
954352
954353
954354
954355
954356
954357
954358
954359
954360
954361
954371
954372
954362
954363
954364
954365
954366
954367
954368
954369
954370
954373
954374
954375
954376
954377
954378
954379
954380
954381
954382
954383
954384
954385
954389
954390
954386
954387
954388
954391
954392
954393
954394
954395
954396
954397
954398
954399
954400
954401