955597
955598
955599
955600
955601
955602
955603
955604
955605
955606
955607
955608
955609
955610
955611
955612
955613
955614
955615
955616
955617
955618
955619
955620
955621
955622
955623
955624
955625
955626
955627
955628
955629
955630
955631
955632
955633
955634
955635
955636
955637
955646
955647
955648
955649
955638
955639
955640
955641
955642
955643
955644
955645
955650
955651
955652
955653
955661
955654
955655
955656
955657
955658
955659
955660
955662
955663
955664
955665
955666
955667
955668
955669
955670
955671