955672
955726
955727
955728
955729
955730
955731
955732
955733
955734
955735
955736
955737
955738
955739
955740
955741
955742
955743
955744
955745
955746
955747
955748
955749
955750
955751
955752
955753
955754
955755
955756
955757
955758
955759
955760
955761
955762
955763
955764
955765
955770
955766
955767
955768
955769
955771
955772
955773
955774
955775
955776
955777
955778
955779
955780
955781
955782
955783
955784
955785
955786
955787
955788
955789
955790
955791
955792
955796
955793
955794
955795
955797
955798
955799
955800
955801
955802
955803
955804
955805
955806
955807
955808
955809
955810