956479
956543
956544
956545
956546
956547
956548
956549
956550
956551
956552
956553
956554
956555
956559
956560
956561
956562
956563
956556
956557
956558
956564
956565
956566
956567
956568
956569
956570
956571
956572
956573
956574
956575
956576
956577
956578
956579
956580
956581
956582
956583
956584
956585
956586
956587
956588
956589
956590
956601
956602
956591
956592
956593
956594
956595
956596
956597
956598
956599
956600
956603
956604
956605
956609
956610
956611
956606
956607
956608
956612
956613
956614