959551
959552
959553
959554
959555
959556
959557
959558
959559
959560
959561
959562
959563
959564
959565
959566
959567
959568
959569
959572
959573
959574
959575
959570
959571
959577
959578
959579
959580
959581
959582
959583
959584
959585
959586
959587
959588
959589
959590
959591
959592
959593
959594
959595
959596
959597
959598
959599
959600
959601
959602
959603
959604
959605
959606
959607
959608
959609
959610
959611
959612
959613
959614
959615
959616
959617
959618
959576
959623
959619
959620
959621
959622
959624
959625
959626
959627
959628
959629
959630
959631
959632
959633
959637
959639
959640
959641
959642
959634
959635
959636
959638
959643
959644