960179
960180
960181
960182
960183
960184
960185
960186
960187
960188
960189
960190
960191
960192
960193
960194
960195
960196
960199
960200
960201
960202
960203
960197
960198
960204
960205
960207
960208
960206
960209
960210
960211
960212
960213
960220
960224
960225
960226
960214
960215
960216
960217
960218
960219
960221
960222
960223
960227
960228
960229
960230
960231
960232
960233
960234
960235
960236
960237
960242
960243
960238
960239
960240
960241
960244
960245
960246
960247
960248
960249
960250
960251