961069
961070
961071
961072
961073
961074
961075
961076
961077
961078
961079
961080
961081
961082
961083
961084
961085
961086
961087
961088
961089
961090
961091
961092
961093
961094
961095
961096
961097
961098
961099
961100
961101
961102
961103
961104
961105
961106
961107
961108
961109
961110
961111
961112
961113
961114
961115
961116
961117
961118
961126
961127
961128
961119
961120
961121
961122
961123
961124
961125
961129
961130
961131
961138
961139
961132
961133
961134
961135
961136
961137
961140
961141
961142
961143
961144
961145
961146
961147
961148