961149
961150
961151
961152
961153
961154
961155
961156
961157
961158
961159
961160
961161
961162
961163
961164
961165
961166
961167
961168
961169
961170
961171
961172
961173
961174
961175
961176
961177
961178
961180
961181
961182
961179
961183
961184
961185
961186
961187
961188
961189
961190
961191
961192
961199
961200
961201
961202
961193
961194
961195
961196
961197
961198
961203
961204
961205
961206
961207
961208
961209
961210
961211
961212
961213
961215
961214
961216
961217
961218
961219
961220
961221
961222
961223
961224
961225
961226
961227
961228