961444
961445
961446
961447
961448
961449
961450
961451
961452
961453
961454
961455
961456
961457
961458
961459
961460
961461
961462
961463
961464
961467
961465
961466
961468
961469
961470
961471
961472
961473
961474
961475
961476
961477
961478
961479
961480
961481
961482
961483
961484
961485
961486
961487
961488
961489
961490
961491
961492
961493
961494
961495
961496
961497
961500
961504
961505
961498
961499
961501
961502
961503
961506
961507
961508
961513
961509
961510
961511
961512
961514
961515
961516
961517
961518
961519
961520
961521
961522
961523