961603
961604
961605
961606
961607
961608
961609
961610
961611
961612
961613
961614
961615
961616
961617
961618
961619
961620
961621
961622
961623
961624
961625
961626
961628
961629
961630
961631
961632
961633
961634
961627
961635
961636
961637
961638
961639
961640
961641
961651
961642
961643
961644
961645
961646
961647
961648
961649
961650
961652
961653
961654
961655
961656
961657
961658
961659
961660
961661
961662
961663
961664
961665
961666
961673
961674
961675
961676
961667
961668
961669
961670
961671
961672
961677
961678
961679
961680
961681