962240
962372
962373
962374
962375
962376
962377
962378
962379
962380
962381
962382
962383
962384
962385
962386
962387
962388
962389
962390
962391
962392
962393
962398
962399
962400
962394
962395
962396
962397
962401
962402
962403
962404
962405
962406
962407
962408
962409
962410
962411
962412
962413
962418
962419
962420
962414
962415
962416
962417
962421
962422
962423
962424
962425
962426
962427
962428
962429
962430
962431
962432
962433
962434
962435
962436
962437
962438
962439
962443
962444
962445
962446
962440
962441
962442
962447
962448
962449
962450
962451
962452
962453
962454
962455
962456
962457
962458
962459
962460
962461
962462
962463
962464
962465
962466
962467
962468
962469
962470
962471
962472
962473