963297
963348
963349
963350
963351
963352
963353
963354
963355
963356
963357
963358
963359
963360
963361
963362
963363
963364
963365
963366
963367
963368
963369
963370
963371
963375
963376
963377
963378
963379
963372
963373
963374
963380
963381
963382
963383
963384
963385
963386
963387
963388
963389
963390
963391
963392
963393
963394
963395
963396
963397
963398
963399
963400
963401
963402
963403
963404
963405
963406
963407
963408
963409
963410
963411
963412
963416
963413
963414
963415
963417
963418
963419
963420
963421
963431
963432
963433
963422
963423
963424
963425
963426
963427
963428
963429
963430
963434
963435
963436
963437
963438
963439
963440
963441
963442
963443