964499
964615
964616
964617
964618
964619
964620
964621
964622
964623
964613
964624
964625
964626
964627
964628
964629
964630
964631
964632
964633
964634
964635
964639
964640
964641
964642
964643
964644
964645
964646
964647
964636
964637
964638
964648
964649
964650
964651
964652
964653
964654
964660
964661
964663
964664
964665
964655
964656
964657
964658
964659
964662
964666
964667
964668
964669
964670
964671
964672
964673
964674
964675
964682
964683
964676
964677
964678
964679
964680
964681
964684
964685
964686
964687
964688
964689
964690
964691
964692
964693
964694
964695
964696