965249
965250
965251
965252
965253
965254
965255
965256
965260
965257
965258
965259
965261
965262
965263
965264
965265
965266
965267
965268
965269
965270
965271
965272
965273
965274
965275
965276
965278
965279
965280
965281
965282
965283
965284
965277
965285
965286
965287
965288
965289
965290
965291
965292
965293
965294
965295
965303
965304
965305
965306
965307
965296
965297
965298
965299
965300
965301
965302
965308
965309
965310
965311
965312
965313
965314
965315
965316
965317
965318
965319
965320
965325
965326
965327
965321
965322
965323
965324
965328
965329
965330
965331
965332
965333
965334
965335
965336