965688
965689
965690
965691
965692
965693
965694
965695
965696
965697
965698
965699
965700
965701
965702
965705
965706
965707
965708
965709
965710
965703
965704
965711
965712
965714
965715
965716
965717
965718
965713
965719
965720
965721
965722
965723
965724
965725
965726
965727
965728
965729
965730
965731
965732
965733
965734
965735
965736
965737
965738
965739
965740
965741
965742
965743
965744
965745
965746
965747
965748
965749
965750
965751
965752
965753
965754
965755
965766
965756
965757
965758
965759
965760
965761
965762
965763
965764
965765
965767
965768
965769
965770
965771
965772
965773
965774
965775
965776
965777
965778