966297
966373
966374
966375
966376
966377
966378
966379
966380
966381
966382
966383
966384
966385
966386
966387
966388
966389
966390
966391
966392
966395
966396
966397
966398
966399
966400
966401
966402
966393
966394
966403
966404
966405
966406
966407
966408
966409
966410
966411
966412
966413
966414
966415
966416
966417
966418
966430
966431
966432
966433
966419
966420
966421
966422
966423
966424
966425
966426
966427
966428
966429
966434
966435
966436
966437
966438
966439
966440
966441
966442
966447
966443
966444
966445
966446
966448
966449
966450
966451
966452
966453
966454