967781
967834
967835
967836
967837
967838
967839
967840
967841
967842
967843
967844
967845
967846
967847
967848
967849
967850
967851
967852
967853
967855
967856
967857
967858
967859
967854
967860
967861
967862
967863
967864
967865
967866
967867
967868
967869
967870
967871
967872
967873
967874
967875
967876
967877
967878
967879
967880
967885
967886
967881
967882
967883
967884
967887
967888
967889
967890
967891
967892
967893
967894
967899
967895
967896
967897
967898
967900
967901
967902
967903
967904
967905