968126
968127
968128
968129
968130
968131
968132
968133
968134
968135
968136
968137
968138
968139
968140
968141
968142
968143
968144
968145
968146
968147
968148
968149
968150
968151
968152
968158
968159
968160
968161
968153
968154
968155
968156
968162
968163
968164
968165
968166
968167
968168
968169
968170
968171
968172
968157
968173
968180
968181
968182
968174
968175
968176
968177
968178
968179
968183
968184
968185
968186
968187
968188
968189
968196
968197
968190
968191
968192
968193
968194
968195
968198
968199
968200
968201
968202