971363
971364
971365
971366
971367
971368
971369
971370
971373
971371
971372
971374
971375
971376
971377
971378
971379
971380
971381
971382
971383
971384
971385
971386
971387
971388
971389
971390
971391
971392
971393
971394
971395
971396
971397
971398
971399
971400
971401
971402
971403
971404
971405
971406
971407
971408
971431
971409
971410
971411
971412
971413
971414
971415
971416
971417
971418
971419
971420
971421
971422
971423
971424
971425
971426
971427
971428
971429
971430
971432
971433
971434
971435
971436
971437
971438
971439
971440
971441
971442
971443
971444
971445
971446