973422
973423
973424
973425
973426
973427
973428
973429
973430
973431
973432
973433
973434
973435
973436
973437
973438
973439
973440
973441
973442
973444
973443
973445
973446
973447
973448
973449
973450
973451
973452
973462
973463
973466
973467
973468
973469
973453
973454
973455
973456
973457
973458
973459
973460
973461
973464
973465
973470
973471
973472
973473
973474
973475
973476
973477
973478
973479
973480
973481
973487
973488
973482
973483
973484
973485
973486
973489
973490
973491
973492
973493