974391
974392
974393
974394
974395
974396
974397
974398
974399
974400
974401
974402
974403
974404
974405
974406
974407
974408
974409
974410
974411
974412
974413
974414
974415
974416
974417
974418
974419
974420
974421
974422
974423
974424
974425
974426
974427
974428
974436
974437
974429
974430
974431
974432
974433
974434
974435
974438
974439
974440
974441
974442
974443
974444
974445
974446
974457
974447
974448
974449
974450
974451
974452
974453
974454
974455
974456
974458
974459
974460
974461
974462