976695
976696
976697
976698
976699
976700
976701
976702
976703
976704
976705
976706
976707
976708
976709
976710
976711
976712
976713
976714
976715
976716
976717
976718
976719
976720
976721
976722
976723
976724
976725
976726
976727
976728
976729
976730
976731
976732
976733
976734
976735
976736
976737
976738
976739
976740
976741
976742
976743
976744
976745
976746
976747
976748
976749
976750
976751
976752
976753
976754
976755
976756
976757
976758
976759
976760
976762
976763
976764
976761
976765
976766
976767
976768
976769
976770
976771
976772
976773
976774