982138
982139
982140
982141
982142
982143
982144
982145
982146
982147
982148
982149
982150
982151
982152
982153
982154
982155
982156
982157
982158
982159
982160
982161
982162
982163
982164
982165
982166
982167
982168
982169
982170
982171
982172
982173
982174
982175
982176
982177
982178
982179
982180
982181
982182
982183
982184
982185
982186
982187
982188
982189
982190
982191
982192
982193
982194
982195
982196
982197
982198
982199
982200
982201
982202
982203
982204
982205
982206
982207
982208
982209
982210
982211
982212
982213
982214
982215
982216
982217