982500
982501
982502
982503
982504
982505
982506
982507
982508
982509
982510
982511
982512
982513
982514
982515
982516
982517
982518
982519
982520
982521
982522
982523
982524
982525
982526
982527
982528
982529
982530
982531
982532
982533
982534
982535
982536
982537
982538
982539
982540
982541
982542
982543
982544
982545
982546
982547
982548
982549
982550
982551
982552
982553
982554
982555
982556
982557
982558
982559
982560
982561
982562
982563
982564
982565
982566
982567
982568
982569
982570
982571
982572
982573
982574
982575
982576
982577
982578
982579
982580
982581
982582
982583
982584
982585
982586
982587
982588
982589
982590
982591
982592
982593
982594
982595
982596