983995
983996
983997
983998
983999
984000
984001
984002
984003
983929
983930
983922
983923
983924
983921
983983
983928
983970
983971
983977
983978
983979
983972
983973
983974
983975
983976
983984
983936
983982
983925
983926
983927
983980
983981
983994
983952
983953
983954
983955
983966
983968
983969
983960
983961
983962
983985
983957
983958
983959
983986
983956
983951
983937
983938
983939
983940
983941
983942
983943
983944
983945
983946
983947
983948
983949
983950
983987
983988
983989
983990
983991
983992
983993