984147
984148
984149
984150
984151
984152
984153
984154
984155
984156
984084
984074
984077
984078
984080
984075
984076
984083
984145
984102
984103
984097
984098
984099
984100
984095
984101
984093
984104
984085
984086
984087
984088
984089
984090
984091
984141
984142
984143
984144
984094
984146
984092
984125
984114
984115
984105
984107
984108
984111
984112
984119
984121
984106
984109
984110
984113
984116
984118
984120
984123
984124
984126
984127
984128
984129
984130
984131
984132
984133
984134
984135
984136
984137
984138
984139
984140
984157
984158