985804
985805
985806
985807
985808
985809
985810
985811
985812
985813
985814
985727
985775
985776
985777
985778
985774
985786
985787
985781
985782
985783
985784
985785
985790
985791
985792
985789
985788
985728
985729
985730
985731
985732
985733
985799
985800
985803
985725
985726
985793
985794
985795
985796
985797
985756
985757
985758
985779
985780
985761
985762
985763
985764
985765
985773
985772
985771
985766
985767
985768
985769
985770
985759
985760
985734
985735
985736
985737
985738
985739
985740
985741
985742
985743
985744
985745
985746
985747
985748
985749
985750
985751
985752
985753
985754
985755
985798
985801
985802