986719
986720
986721
986722
986723
986724
986725
986726
986727
986660
986661
986649
986650
986651
986652
986698
986699
986695
986662
986663
986701
986702
986703
986704
986705
986706
986707
986708
986709
986710
986711
986712
986713
986714
986715
986716
986717
986729
986653
986657
986658
986659
986654
986655
986656
986688
986718
986696
986697
986691
986694
986689
986664
986665
986666
986667
986668
986669
986670
986671
986672
986673
986674
986675
986676
986677
986678
986680
986682
986684
986686
986679
986681
986683
986685
986687
986690
986692
986693
986728