987202
987203
987204
987205
987206
987207
987208
987209
987210
987211
987212
987153
987154
987138
987139
987140
987141
987142
987144
987145
987146
987143
987151
987152
987185
987187
987188
987189
987186
987196
987190
987191
987192
987193
987194
987195
987161
987155
987156
987157
987159
987160
987158
987149
987150
987147
987148
987175
987178
987179
987184
987176
987182
987183
987180
987181
987177
987162
987163
987164
987165
987166
987167
987168
987169
987170
987171
987172
987173
987174
987197
987198
987199
987200
987201