987954
987955
987956
987957
987958
987959
987960
987961
987962
987963
987964
987965
987966
987948
987877
987909
987879
987878
987925
987924
987927
987928
987929
987930
987931
987926
987932
987887
987940
987886
987941
987942
987943
987944
987945
987946
987947
987953
987880
987881
987882
987883
987884
987885
987890
987889
987888
987910
987911
987912
987913
987914
987915
987916
987917
987949
987921
987922
987918
987919
987920
987891
987892
987893
987894
987895
987896
987897
987898
987899
987900
987901
987902
987903
987904
987905
987906
987907
987908
987923
987933
987934
987935
987936
987937
987938
987939
987950
987951
987952