988929
988930
988931
988932
988933
988934
988935
988936
988937
988938
988871
988872
988875
988876
988877
988878
988857
988858
988859
988860
988869
988870
988908
988909
988910
988911
988879
988880
988881
988882
988883
988884
988885
988886
988887
988861
988927
988939
988862
988863
988864
988865
988866
988868
988928
988912
988913
988914
988915
988867
988888
988889
988897
988898
988899
988901
988902
988906
988905
988903
988904
988900
988890
988891
988892
988893
988894
988895
988896
988907
988916
988917
988918
988919
988920
988921
988922
988923
988924
988925
988926