1015866
1015871
1015872
1015873
1015874
1015865
1015875
1015876
1015877
1015878
1015879
1015880
1015849
1015850
1015851
1015852
1015831
1015832
1015833
1015834
1015835
1015836
1015837
1015838
1015839
1015840
1015841
1015842
1015843
1015844
1015845
1015846
1015847
1015848
1015864
1015522
1015523
1015524
1015525
1015526
1015829
1015830
1015863
1015853
1015854
1015855
1015856
1015857
1015858
1015859
1015860
1015861
1015862
1015867
1015868
1015869
1015870
1015881
1015882
1015883
1015884
1015885
1015886
1015887
1015888