887779
887843
887857
887862
887815
887818
887827
887834
887889
887875
887871
887826
887830
887858
887876
887869
887824
887828
887832
887838
887855
887856
887860
887861
887891
887854
887816
887882
887825
887844
887846
887849
887868
887890
887819
887822
887831
887840
887845
887847
887848
887851
887865
887881
887885
887864
887884
887842
887880
887863
887878
887813
887841
887829
887833
887835
887839
887872
887873
887874
887877
887883
887886
887888
887817
887821
887859
887866
887867
887879
887812
887836
887853
887850
887870
887823
887887
887837
887820
887852