906747
906902
906838
906891
906908
906910
906923
906843
906850
906864
906873
906924
906837
906861
906878
906884
906890
906905
906907
906899
906881
906836
906844
906845
906846
906847
906853
906855
906858
906868
906869
906872
906879
906880
906882
906883
906885
906886
906887
906888
906892
906896
906900
906911
906912
906917
906921
906922
906839
906841
906842
906848
906854
906856
906857
906859
906862
906863
906866
906870
906871
906875
906876
906877
906893
906897
906898
906901
906906
906913
906914
906915
906916
906918
906919
906835
906867
906840
906852
906904
906909
906894
906834
906849
906865
906920
906895
906851
906860
906889
906903
906925