911214
911361
911362
911304
911310
911311
911326
911339
911350
911359
911379
911283
911323
911369
911317
911383
911371
911330
911363
911278
911279
911281
911282
911290
911296
911297
911299
911306
911308
911313
911316
911318
911319
911325
911331
911332
911348
911354
911360
911367
911368
911370
911372
911376
911378
911352
911291
911292
911293
911302
911305
911307
911309
911312
911315
911320
911327
911328
911333
911334
911336
911345
911349
911353
911357
911358
911364
911366
911373
911377
911382
911384
911285
911288
911298
911289
911322
911341
911342
911280
911294
911284
911303
911329
911337
911338
911343
911346
911347
911351
911355
911365
911286
911321
911335
911287
911300
911340
911374
911295
911301
911314
911324
911344
911375
911380
911381
911385