983030
924821
924771
924774
924782
924797
924803
924807
924809
924770
924785
924794
924802
924813
924824
924811
924786
924789
924815
924758
924819
924763
924769
924817
924822
924792
924806
924780
924823
924761
924762
924764
924768
924790
924791
924793
924795
924799
924800
924816
924825
924826
924827
924820
924757
924760
924787
924798
924804
924808
924818
924812
924773
924775
924781
924783
924784
924814
924756
924759
924766
924767
924772
924776
924777
924778
924779
924788
924796
924801
924805
924810