942540
942822
942831
942830
942798
942823
942793
942824
942837
942845
942782
942781
942815
942785
942786
942787
942790
942799
942801
942802
942804
942805
942816
942818
942819
942827
942829
942834
942840
942842
942847
942810
942833
942791
942783
942814
942817
942820
942821
942828
942795
942806
942825
942838
942826
942788
942792
942800
942808
942839
942843
942789
942809
942846
942851
942784
942796
942797
942803
942811
942835
942849
942850
942794
942807
942813
942832
942836
942841
942844
942848
942852