947844
948963
948964
948965
948966
948967
948968
948969
948970
948971
948972
948973
948974
948975
948976
948977
948978
948979
948980
948981
948982
948983
948984
948985
948986
948990
948991
948992
948993
948994
948995
948996
948997
948987
948988
948989
948998
948999
949000
949001
949002
949003
949005
949006
949004
949007
949008
949009
949011
949010
949012
949013
949014
949015
949016
949017
949018
949019
949020
949021
949022
949023
949024
949025
949026
949027
949028
949029
949030
949032
949031
949033
949034
949035
949036
949037
949038
949039
949040
949041
949042
949043
949044
949045
949046
949047