954667
954844
954845
954846
954847
954848
954849
954850
954851
954852
954853
954854
954855
954856
954857
954858
954859
954860
954861
954862
954863
954864
954865
954866
954867
954868
954870
954871
954872
954873
954874
954869
954875
954876
954877
954878
954879
954880
954881
954882
954883
954884
954885
954886
954887
954888
954889
954890
954891
954892
954893
954894
954895
954896
954897
954898
954899
954900
954901
954902
954903
954904
954905
954906
954907
954908
954909
954910
954911
954912
954913
954914
954915
954923
954924
954916
954917
954918
954919
954920
954921
954922
954925
954926
954927
954928
954929
954930
954931
954932
954933
954934
954935