963979
964905
964906
964907
964908
964909
964910
964911
964912
964913
964914
964915
964916
964917
964918
964919
964920
964921
964922
964923
964924
964925
964926
964927
964928
964929
964930
964931
964932
964933
964934
964935
964936
964937
964938
964939
964940
964941
964942
964947
964948
964943
964944
964945
964946
964949
964950
964951
964952
964953
964954
964955
964956
964957
964958
964959
964960
964961
964962
964963
964964
964975
964965
964966
964967
964968
964969
964970
964971
964972
964973
964974
964976
964977
964978
964979
964980
964981
964982
964983
964984