977533
979349
979350
979351
979352
979353
979354
979355
979356
979357
979358
979359
979360
979361
979362
979363
979364
979365
979366
979367
979368
979369
979370
979371
979372
979373
979374
979375
979376
979377
979378
979379
979380
979381
979382
979383
979384
979385
979386
979387
979388
979389
979390
979391
979392
979393
979394
979395
979396
979397
979398
979399
979400
979401
979402
979403
979404
979405
979408
979406
979407
979409
979410
979411
979412
979413
979414
979415
979416
979417
979418
979419
979420
979421
979422
979423
979424
979425
979430
979426
979427
979428
979429
979431
979432