979599
979980
979981
979982
979983
979984
979985
979986
979987
979988
979989
979990
979991
979992
979993
979994
979995
979996
979997
979998
979999
980000
980001
980002
980003
980004
980005
980006
980007
980008
980009
980010
980011
980012
980013
980014
980015
980016
980017
980018
980020
980021
980019
980022
980023
980024
980025
980036
980026
980027
980028
980029
980030
980031
980032
980033
980034
980035
980037
980038
980039
980040
980049
980050
980051
980041
980042
980043
980044
980045
980046
980047
980048
980052
980053
980054