980135
981112
981113
981114
981115
981116
981117
981118
981119
981120
981121
981122
981123
981124
981125
981126
981127
981128
981129
981130
981131
981132
981133
981134
981135
981136
981137
981139
981140
981141
981142
981143
981144
981145
981146
981147
981138
981148
981149
981150
981151
981152
981153
981154
981168
981169
981170
981155
981156
981157
981158
981159
981160
981161
981162
981163
981164
981165
981166
981167
981171
981172
981173
981174
981175
981176
981177
981179
981178
981180
981181
981182
981183
981184
981185