981186
983019
983020
983021
983022
983023
983024
983025
983026
983027
983028
982952
982943
982941
982942
982950
982951
983010
983011
982977
982975
982976
982969
982970
982963
982964
982965
982966
982967
982968
982953
982954
982955
982956
982957
982958
982959
982960
982961
982962
983012
983014
982944
982947
982948
982949
982945
982946
983000
982990
982991
982992
982995
982996
982997
982998
982999
982993
982994
982971
982972
982973
982974
982978
982979
982980
982981
982982
982983
982984
982985
982986
982987
982988
982989
983001
983002
983003
983004
983005
983006
983007
983008
983009
983015
983016
983017