983319
983630
983631
983632
983633
983634
983635
983636
983637
983638
983639
983571
983563
983564
983625
983575
983570
983606
983607
983608
983609
983612
983610
983611
983613
983622
983572
983573
983576
983577
983623
983565
983624
983566
983567
983568
983569
983574
983615
983616
983617
983580
983578
983579
983597
983598
983599
983600
983601
983602
983614
983605
983603
983604
983581
983582
983583
983584
983585
983586
983587
983588
983589
983590
983591
983592
983593
983594
983595
983596
983618
983619
983620
983621
983626
983627
983628