983696
984538
984539
984540
984541
984542
984543
984544
984545
984546
984547
984496
984497
984556
984489
984490
984491
984492
984494
984495
984518
984519
984517
984520
984521
984522
984523
984524
984525
984527
984528
984529
984561
984526
984558
984559
984560
984498
984499
984500
984501
984502
984548
984549
984550
984551
984552
984557
984493
984530
984531
984532
984509
984510
984513
984514
984516
984515
984511
984512
984503
984504
984505
984506
984507
984508
984533
984534
984535
984536
984553
984554
984555