876379
876377
876332
876348
876357
876344
876350
876383
876360
876363
876366
876352
876359
876334
876378
876362
876367
876390
876335
876338
876340
876345
876349
876353
876373
876380
876385
876386
876387
876339
876358
876361
876331
876365
876368
876369
876370
876371
876372
876374
876391
876392
876393
876394
876395
876337
876333
876336
876317
876318
876319
876320
876321
876322
876323
876324
876325
876326
876327
876328
876329
876343
876346
876388
876341
876355
876381
876382
876342
876347
876351
876364
876375
876389
876354
876356
876384
876330
876376