898409
898442
899166
899199
898420
899177
898402
898411
898412
898426
899159
899168
899169
899183
898422
899179
898414
898418
898425
898441
899171
899175
899182
899198
898444
899201
898436
899193
898421
899178
898429
899186
898403
899160
898404
898437
899161
899194
898406
898413
898416
898428
898432
898433
898435
898439
898440
899163
899170
899173
899185
899189
899190
899192
899196
899197
898434
899191
898407
898419
898427
899164
899176
899184
898398
898401
898405
898408
898410
898415
898417
898438
899155
899158
899162
899165
899167
899172
899174
899195
898399
898400
898423
898424
898430
898431
898443
899156
899157
899180
899181
899187
899188
899200