906532
906560
906497
906509
906535
906540
906547
906503
906543
906506
906533
906534
906518
906523
906550
906552
906496
906500
906508
906525
906527
906536
906542
906557
906559
906562
906517
906537
906495
906499
906502
906524
906528
906564
906568
906498
906504
906505
906530
906541
906548
906553
906554
906558
906570
906494
906514
906515
906519
906520
906529
906539
906546
906556
906501
906522
906538
906507
906516
906521
906545
906551
906555
906565
906571
906572
906513
906549
906561
906569
906526
906510
906512
906531
906544
906563
906566
906511
906567