913666
913673
913653
913655
913664
913671
913674
913704
913696
913650
913648
913686
913709
913707
913660
913695
913706
913676
913702
913639
913668
913670
913680
913700
913641
913643
913647
913657
913658
913661
913669
913678
913693
913684
913698
913708
913644
913646
913662
913665
913683
913697
913699
913645
913663
913692
913705
913652
913681
913682
913635
913640
913642
913649
913654
913656
913667
913672
913677
913685
913688
913690
913694
913701
913703
913636
913637
913638
913651
913659
913675
913679
913687
913689
913691