925537
925564
925530
925536
925539
925552
925553
925572
925575
925576
925583
925590
925529
925565
925589
925551
925542
925568
925578
925533
925547
925550
925582
925584
925591
925593
925594
925598
925531
925535
925524
925541
925548
925549
925558
925560
925562
925566
925577
925579
925587
925592
925540
925556
925557
925586
925596
925570
925585
925525
925526
925527
925528
925532
925534
925538
925544
925545
925546
925554
925559
925563
925567
925569
925571
925574
925580
925581
925595
925597
925599
925543
925555
925561
925573
925588