927604
927670
927616
927617
927623
927657
927664
927660
927661
927676
927651
927639
927633
927653
927681
927614
927619
927625
927675
927606
927647
927650
927669
927630
927677
927605
927608
927609
927642
927645
927656
927678
927683
927610
927613
927626
927640
927671
927674
927622
927667
927620
927629
927632
927658
927665
927644
927634
927635
927637
927646
927611
927618
927621
927624
927628
927636
927638
927641
927643
927649
927652
927654
927655
927659
927662
927663
927666
927668
927672
927680
927682
927612
927615
927627
927631
927648
927673
927679