937706
937721
937727
937741
937714
937740
937695
937753
937758
937761
937722
937732
937756
937764
937712
937745
937693
937703
937708
937716
937717
937731
937759
937763
937698
937711
937723
937728
937733
937734
937739
937743
937738
937719
937736
937742
937744
937752
937766
937694
937751
937705
937707
937697
937699
937702
937704
937709
937715
937724
937726
937735
937737
937765
937725
937729
937749
937696
937701
937713
937720
937730
937746
937760
937762
937700
937710
937718
937747
937748
937750
937754
937755
937757
937767