959166
959167
959168
959169
959170
959171
959172
959173
959174
959175
959176
959177
959178
959179
959180
959181
959182
959183
959184
959189
959190
959191
959192
959193
959185
959186
959187
959188
959194
959195
959197
959198
959199
959200
959201
959202
959203
959204
959205
959206
959207
959208
959209
959210
959211
959212
959196
959213
959214
959215
959216
959217
959223
959224
959225
959226
959218
959219
959220
959221
959222
959227
959228
959229
959230
959231
959232
959239
959240
959233
959234
959235
959236
959237
959238
959241
959242
959243
959244
959245
959246
959247
959248
959249
959250