959985
959986
959987
959988
959989
959990
959991
959992
959993
959994
959995
959996
959998
959997
959999
960000
960001
960002
960003
960004
960005
960006
960007
960008
960009
960012
960013
960014
960015
960016
960010
960011
960017
960018
960019
960020
960021
960022
960023
960024
960025
960026
960027
960028
960029
960030
960031
960032
960033
960034
960035
960036
960037
960038
960039
960040
960041
960042
960047
960048
960049
960050
960043
960044
960045
960046
960051
960052
960053
960054
960055
960056
960057
960058
960059
960060
960061