961817
961818
961819
961820
961821
961822
961823
961824
961825
961826
961827
961828
961829
961830
961831
961832
961833
961834
961835
961836
961837
961838
961839
961840
961841
961842
961843
961845
961846
961847
961848
961844
961849
961850
961851
961852
961853
961854
961855
961856
961857
961858
961859
961860
961861
961862
961863
961864
961872
961865
961866
961867
961868
961869
961870
961871
961873
961874
961875
961876
961877
961878
961879
961880
961881
961882
961883
961884
961889
961890
961891
961892
961885
961886
961887
961888
961893
961894
961895
961896
961897
961898