966297
966298
966299
966300
966301
966302
966303
966304
966305
966306
966307
966308
966309
966310
966313
966314
966315
966316
966311
966312
966317
966318
966319
966320
966321
966322
966323
966324
966325
966326
966327
966328
966329
966330
966331
966332
966333
966334
966335
966336
966337
966338
966339
966340
966341
966342
966347
966349
966350
966351
966343
966344
966345
966346
966348
966352
966353
966354
966355
966356
966357
966358
966359
966360
966361
966362
966363
966364
966365
966366
966367
966368
966369
966370
966371