967334
967335
967336
967337
967338
967339
967340
967341
967342
967343
967344
967345
967346
967347
967348
967349
967350
967351
967352
967353
967354
967355
967356
967357
967358
967359
967360
967362
967363
967364
967361
967365
967366
967367
967368
967369
967370
967371
967372
967373
967374
967375
967376
967377
967378
967379
967380
967381
967382
967383
967384
967385
967392
967393
967386
967387
967388
967389
967390
967391
967394
967395
967396
967397
967398
967399
967400
967401
967402
967403
967404
967405
967406
967407
967413
967414
967408
967409
967410
967411
967412
967415
967416
967417
967418
967419
967420
967421
967422