976970
976971
976972
976973
976974
976975
976976
976977
976978
976979
976980
976981
976982
976983
976984
976985
976986
976987
976988
976989
976990
976991
976992
976993
976994
976995
976996
976997
976998
976999
977000
977001
977002
977003
977004
977005
977006
977007
977008
977009
977010
977011
977012
977013
977014
977015
977016
977017
977018
977019
977020
977021
977022
977023
977024
977025
977026
977027
977028
977035
977042
977029
977030
977031
977032
977033
977034
977036
977037
977038
977039
977040
977041
977043
977044
977045
977046
977047
977048
977049
977050
977051
977052
977053
977054
977055
977056
977057
977058
977059
977060
977061
977062
977063
977064
977065
977066
977067
977068
977069