978306
978307
978308
978309
978310
978311
978312
978313
978314
978315
978316
978317
978318
978319
978320
978321
978322
978323
978324
978325
978326
978327
978328
978329
978330
978331
978332
978333
978334
978335
978336
978337
978340
978341
978342
978338
978339
978344
978343
978345
978346
978347
978348
978349
978350
978362
978351
978352
978353
978354
978355
978356
978357
978358
978359
978360
978361
978363
978364
978365
978366
978367
978368
978369
978370
978371
978372
978373
978374
978377
978375
978376
978378
978379
978380
978381
978382
978383