979662
979663
979664
979665
979666
979667
979668
979669
979670
979671
979672
979673
979674
979675
979676
979677
979678
979679
979680
979681
979682
979683
979684
979685
979686
979687
979688
979689
979690
979691
979692
979693
979694
979695
979696
979697
979698
979699
979700
979701
979702
979703
979704
979705
979706
979707
979708
979709
979724
979710
979711
979712
979713
979714
979715
979716
979717
979718
979719
979720
979721
979722
979723
979725
979726
979727
979728
979729
979734
979735
979736
979737
979730
979731
979732
979733
979738
979739
979740
979741
979742
979743
979744
979745