979887
979888
979889
979890
979891
979892
979893
979894
979895
979896
979897
979898
979899
979900
979901
979902
979903
979904
979905
979906
979907
979908
979909
979910
979911
979912
979913
979914
979915
979916
979917
979918
979919
979920
979921
979922
979923
979924
979925
979926
979927
979928
979929
979930
979931
979932
979933
979934
979935
979936
979937
979938
979939
979940
979941
979942
979943
979944
979952
979961
979945
979946
979947
979948
979949
979950
979951
979953
979954
979955
979956
979957
979958
979959
979960
979962
979963
979973
979974
979964
979965
979966
979967
979968
979969
979970
979971
979972
979975
979976
979977
979978