980664
980665
980666
980667
980668
980669
980670
980671
980672
980673
980674
980675
980676
980677
980678
980679
980680
980681
980682
980683
980684
980685
980686
980687
980688
980689
980690
980691
980692
980693
980694
980695
980696
980697
980698
980699
980700
980701
980702
980703
980704
980705
980706
980707
980708
980709
980710
980711
980712
980713
980714
980715
980716
980717
980718
980719
980720
980721
980722
980723
980724
980725
980726
980727
980728
980729
980730
980731
980732
980733
980734
980735
980738
980739
980740
980741
980742
980736
980737
980743
980744