980971
980972
980973
980974
980975
980976
980977
980978
980979
980980
980981
980982
980983
980984
980985
980986
980987
980988
980989
980990
980991
980992
980993
980994
980995
980996
980997
980998
980999
981000
981001
981002
981003
981004
981005
981006
981007
981008
981009
981010
981011
981012
981013
981014
981015
981016
981017
981018
981019
981020
981025
981021
981022
981023
981024
981026
981027
981028
981029
981030
981031
981032
981033
981034
981035
981036
981037
981038
981039
981041
981042
981043
981040
981044
981045
981046
981047
981048