986383
986384
986385
986386
986387
986388
986389
986390
986391
986392
986393
986326
986327
986323
986324
986328
986334
986335
986336
986337
986338
986339
986340
986341
986354
986355
986356
986357
986358
986325
986351
986352
986349
986350
986379
986359
986310
986394
986395
986347
986348
986372
986373
986311
986312
986313
986314
986315
986316
986317
986329
986342
986343
986344
986345
986346
986374
986375
986376
986377
986378
986360
986361
986362
986363
986364
986365
986366
986367
986368
986369
986370
986371
986330
986331
986332
986333
986318
986319
986320
986321
986322
986380
986381
986382