986465
986466
986467
986468
986469
986470
986471
986472
986473
986407
986408
986409
986396
986397
986398
986447
986448
986444
986445
986446
986449
986450
986451
986456
986457
986452
986453
986454
986455
986410
986411
986412
986413
986414
986415
986475
986399
986405
986406
986400
986401
986402
986403
986404
986416
986428
986434
986435
986436
986437
986438
986439
986442
986429
986430
986440
986441
986476
986477
986478
986431
986432
986433
986417
986418
986419
986420
986421
986422
986423
986424
986425
986426
986427
986443
986458
986459
986460
986461
986462
986463
986464
986474