1154330
1154331
1154332
1154333
1154334
1154335
1154336
1154337
1154338
1154339
1154340
1154341
1154342
1154343
1154266
1154267
1154268
1154269
1154270
1154271
1154272
1154279
1154280
1154281
1154282
1154283
1154284
1154285
1154286
1154287
1154288
1154309
1154252
1154310
1154311
1154312
1154313
1154314
1154296
1154297
1154298
1154299
1154315
1154328
1154329
1154258
1154259
1154260
1154261
1154262
1154263
1154264
1154265
1154273
1154319
1154320
1154277
1154278
1154300
1154301
1154302
1154303
1154304
1154290
1154291
1154292
1154293
1154294
1154295
1154307
1154308
1154274
1154275
1154276
1154316
1154317
1154318
1154305
1154306
1154253
1154254
1154255
1154256
1154257
1154289
1154321
1154322
1154323
1154324
1154325
1154326
1154327