978984
985526
985527
985528
985529
985530
985531
985532
985533
985456
985445
985446
985447
985455
985498
985499
985501
985502
985503
985504
985509
985510
985511
985508
985505
985506
985467
985457
985458
985459
985460
985461
985462
985463
985512
985513
985514
985515
985516
985517
985524
985454
985448
985449
985450
985451
985452
985453
985466
985464
985465
985482
985484
985485
985486
985495
985496
985497
985494
985492
985493
985487
985490
985491
985488
985489
985483
985468
985471
985472
985473
985474
985475
985476
985477
985478
985479
985480
985481
985518
985519
985520
985521
985522
985523