897622
897629
897594
897605
897573
897578
897584
897608
897612
897624
897625
897644
897576
897570
897574
897575
897628
897634
897618
897633
897580
897641
897566
897569
897572
897599
897616
897632
897646
897647
897602
897609
897637
897630
897626
897567
897593
897598
897600
897603
897614
897621
897636
897642
897643
897590
897596
897581
897582
897604
897568
897577
897585
897587
897617
897620
897597
897571
897579
897589
897592
897606
897611
897613
897615
897619
897640
897583
897586
897588
897591
897595
897601
897607
897610
897623
897627
897631
897635
897638
897639
897645