898761
898772
898736
898747
898752
898754
898758
898770
898780
898804
898791
898793
898746
898767
898781
898779
898792
898796
898799
898750
898743
898745
898756
898773
898797
898744
898766
898787
898803
898806
898757
898763
898794
898807
898762
898764
898785
898800
898774
898776
898790
898738
898740
898741
898753
898759
898765
898777
898755
898737
898742
898748
898751
898768
898775
898784
898786
898795
898798
898805
898788
898760
898778
898782
898739
898749
898771
898783
898802
898769
898789
898801