906440
906466
906467
906484
906487
906452
906468
906471
906479
906430
906455
906427
906492
906429
906446
906460
906480
906488
906457
906425
906431
906441
906462
906463
906465
906478
906482
906489
906486
906421
906422
906436
906437
906442
906490
906473
906447
906456
906417
906428
906432
906433
906438
906443
906444
906448
906450
906451
906453
906459
906461
906470
906483
906493
906416
906419
906449
906481
906426
906418
906420
906424
906434
906439
906445
906454
906458
906469
906472
906476
906477
906485
906491
906474
906423
906435
906464
906475