906596
906591
906616
906624
906628
906600
906610
906613
906639
906573
906597
906583
906589
906605
906609
906612
906618
906620
906626
906631
906634
906641
906590
906607
906608
906578
906580
906581
906586
906594
906606
906615
906617
906619
906621
906635
906577
906603
906629
906622
906623
906632
906587
906625
906630
906579
906611
906627
906643
906633
906640
906642
906584
906574
906575
906576
906585
906592
906593
906599
906601
906602
906604
906637
906644
906598
906582
906588
906595
906614
906636
906638