918715
918720
918750
918708
918709
918711
918718
918721
918732
918766
918725
918729
918743
918747
918749
918764
918712
918744
918769
918706
918713
918740
918746
918761
918762
918765
918704
918748
918772
918703
918716
918717
918731
918763
918767
918714
918730
918735
918745
918753
918771
918773
918774
918739
918751
918752
918757
918768
918705
918707
918722
918724
918727
918728
918733
918734
918738
918742
918755
918758
918759
918760
918710
918719
918723
918726
918736
918737
918741
918754
918756
918770