919129
919154
919158
919085
919101
919120
919135
919142
919148
919092
919127
919137
919110
919116
919118
919156
919094
919098
919107
919114
919128
919133
919153
919104
919115
919134
919136
919157
919084
919119
919126
919086
919100
919106
919111
919125
919152
919088
919093
919138
919140
919082
919083
919089
919105
919130
919143
919144
919149
919159
919087
919096
919103
919108
919113
919117
919097
919141
919151
919123
919155
919090
919091
919095
919099
919102
919109
919112
919121
919122
919124
919131
919132
919139
919145
919146
919147
919150