942665
942681
942712
942721
942664
942706
942666
942679
942697
942699
942654
942674
942687
942688
942694
942657
942683
942655
942658
942667
942701
942722
942693
942716
942668
942672
942691
942710
942673
942648
942669
942711
942651
942662
942663
942671
942698
942700
942702
942713
942719
942684
942714
942690
942709
942656
942692
942705
942661
942686
942708
942660
942675
942647
942652
942653
942670
942682
942689
942695
942696
942703
942720
942649
942650
942659
942676
942677
942678
942680
942685
942704
942707
942715
942717
942718