946831
946832
946833
946834
946835
946836
946837
946838
946839
946840
946841
946842
946843
946844
946845
946846
946847
946858
946860
946861
946862
946863
946872
946848
946849
946850
946851
946852
946853
946854
946855
946856
946857
946859
946864
946865
946866
946867
946868
946869
946870
946871
946873
946874
946875
946876
946877
946878
946887
946888
946879
946880
946881
946882
946883
946884
946885
946886
946889
946890
946891
946892
946893
946894
946895
946896
946897
946898
946899
946900
946901
946902