950913
950952
950953
950954
950955
950956
950957
950958
950959
950960
950961
950962
950963
950964
950965
950966
950967
950968
950969
950970
950971
950972
950973
950975
950976
950977
950974
950979
950980
950978
950981
950982
950983
950984
950985
950986
950987
950988
950989
950990
950991
950992
950993
950994
950995
950996
950997
950998
950999
951000
951001
951002
951003
951004
951016
951017
951018
951008
951005
951006
951007
951009
951010
951011
951012
951013
951014
951015
951019
951020
951021
951022
951023
951029
951030
951031
951032
951024
951025
951026
951027
951028
951033
951034
951035
951036
951037