951866
951972
951973
951974
951975
951976
951977
951978
951979
951980
951981
951982
951983
951984
951985
951986
951987
951988
951989
951990
951991
951992
951993
951994
951995
951996
951997
951998
951999
952000
952001
952006
952007
952008
952009
952002
952003
952004
952005
952010
952011
952012
952013
952014
952015
952016
952017
952018
952019
952020
952033
952021
952022
952023
952026
952024
952025
952027
952028
952029
952030
952031
952032
952034
952035
952036
952037
952038
952039
952040
952041
952042
952043
952044
952045
952046
952047
952048
952049
952050
952051
952052