953010
953247
953248
953249
953252
953250
953251
953253
953254
953255
953256
953257
953258
953259
953260
953261
953264
953265
953266
953267
953262
953263
953269
953270
953271
953272
953268
953273
953274
953275
953276
953277
953278
953279
953280
953300
953282
953283
953289
953281
953284
953285
953286
953287
953288
953290
953291
953292
953293
953294
953295
953296
953297
953298
953299
953301
953302
953303
953304
953305
953306
953313
953314
953315
953307
953308
953309
953310
953311
953312
953316
953317
953318
953319
953320
953321
953322