953323
953406
953407
953408
953409
953410
953411
953412
953413
953414
953415
953416
953417
953418
953419
953424
953425
953426
953427
953420
953421
953422
953423
953428
953429
953430
953431
953432
953433
953434
953435
953436
953437
953438
953439
953440
953441
953442
953443
953444
953445
953446
953447
953448
953452
953453
953455
953449
953450
953451
953454
953456
953457
953458
953459
953460
953461
953462
953463
953464
953465
953466
953467
953468
953474
953475
953469
953470
953471
953472
953473
953476
953477
953478
953479