953745
953888
953889
953890
953891
953892
953893
953894
953895
953896
953897
953898
953899
953900
953901
953902
953907
953908
953909
953910
953911
953912
953913
953914
953915
953903
953904
953905
953906
953916
953919
953920
953921
953922
953923
953924
953917
953918
953925
953926
953927
953928
953929
953930
953934
953939
953940
953931
953933
953932
953935
953936
953937
953938
953941
953942
953943
953944
953945
953946
953947
953954
953948
953949
953950
953951
953952
953953
953955
953956
953957
953958
953959
953960
953961
953962
953963
953964
953965
953966
953967
953968