874048
874077
874085
874057
874109
874103
874106
874115
874101
874060
874053
874086
874056
874083
874097
874098
874100
874051
874059
874080
874122
874061
874070
874078
874058
874081
874084
874121
874096
874064
874089
874090
874110
874114
874068
874062
874095
874120
874072
874082
874055
874069
874074
874087
874092
874108
874116
874107
874111
874047
874050
874054
874067
874071
874075
874076
874093
874094
874102
874104
874105
874112
874113
874118
874073
874119
874065
874079
874049
874088
874117
874052
874066
874091
874063
874099