876976
876941
876970
876973
876924
876942
876987
876955
876983
876946
876959
876962
876950
876954
876968
876979
876963
876967
876978
876930
876947
876966
876951
876982
876992
876969
876957
876922
876923
876926
876927
876929
876933
876974
876986
876934
876936
876937
876977
876925
876928
876931
876935
876938
876932
876953
876990
876993
876939
876948
876943
876971
876975
876988
876940
876945
876949
876952
876956
876960
876981
876991
876994
876944
876958
876961
876964
876965
876972
876980
876984
876985
876989