880523
880516
880552
880521
880535
880568
880558
880507
880511
880539
880555
880526
880547
880544
880561
880562
880502
880509
880515
880532
880548
880565
880566
880567
880508
880524
880529
880501
880503
880510
880512
880518
880522
880527
880528
880531
880537
880540
880541
880550
880554
880556
880559
880560
880564
880570
880572
880505
880506
880514
880533
880543
880546
880557
880569
880571
880545
880525
880551
880542
880504
880513
880517
880519
880520
880530
880534
880536
880538
880549
880553
880563