881867
881895
881864
881846
881860
881883
881889
881890
881899
881835
881892
881836
881837
881848
881849
881866
881873
881881
881882
881885
881887
881901
881909
881870
881853
881856
881903
881907
881842
881844
881855
881858
881875
881886
881896
881905
881891
881847
881865
881876
881880
881869
881845
881839
881841
881843
881850
881852
881854
881859
881862
881868
881871
881877
881878
881879
881894
881900
881902
881904
881911
881840
881888
881906
881857
881863
881874
881898
881838
881851
881861
881872
881897
881908
881834
881884
881893
881910