882363
882443
882458
882392
882400
882401
882434
882448
882421
882397
882440
882435
882460
882431
882454
882419
882430
882445
882395
882422
882427
882451
882450
882396
882414
882439
882457
882391
882393
882403
882413
882418
882437
882452
882455
882461
882389
882399
882402
882404
882408
882409
882410
882412
882415
882416
882424
882425
882433
882438
882446
882447
882449
882394
882398
882428
882459
882405
882406
882407
882423
882432
882442
882456
882390
882411
882417
882420
882426
882429
882441
882444
882453