903691
903633
903658
903687
903693
903696
903698
903628
903660
903653
903682
903629
903632
903672
903692
903622
903624
903634
903637
903638
903640
903656
903657
903659
903667
903668
903674
903678
903681
903683
903694
903631
903641
903688
903697
903623
903625
903630
903645
903646
903647
903649
903655
903661
903663
903673
903675
903679
903684
903686
903689
903699
903643
903644
903648
903662
903671
903700
903627
903654
903626
903650
903651
903677
903652
903635
903636
903642
903670
903685
903639
903664
903666
903669
903676
903680
903690
903695
903665