910918
910872
910899
910924
910880
910881
910898
910909
910917
910921
910942
910951
910859
910928
910925
910954
910914
910882
910858
910935
910939
910857
910860
910874
910886
910891
910900
910901
910906
910922
910929
910932
910943
910945
910948
910950
910867
910887
910895
910904
910910
910919
910930
910934
910946
910949
910863
910866
910868
910884
910888
910893
910908
910911
910912
910913
910920
910926
910941
910957
910959
910856
910861
910927
910915
910916
910879
910903
910864
910869
910875
910877
910885
910889
910890
910896
910923
910854
910855
910862
910865
910871
910873
910876
910878
910894
910902
910905
910933
910936
910937
910940
910952
910955
910956
910870
910883
910892
910897
910907
910931
910938
910944
910947
910953
910958