915284
915393
915320
915333
915338
915339
915342
915347
915352
915355
915358
915374
915399
915389
915390
915395
915324
915331
915371
915325
915349
915397
915327
915330
915332
915343
915345
915346
915351
915361
915365
915369
915376
915381
915385
915388
915392
915394
915396
915400
915403
915404
915317
915323
915336
915353
915354
915364
915391
915379
915384
915321
915328
915329
915334
915337
915344
915359
915366
915367
915368
915370
915373
915375
915378
915380
915386
915387
915402
915405
915362
915356
915319
915360
915377
915383
915318
915322
915357
915398
915335
915348
915382
915326
915340
915341
915350
915363
915401