916530
916594
916498
916508
916510
916542
916579
916580
916512
916564
916495
916600
916519
916505
916493
916494
916496
916501
916502
916515
916522
916526
916528
916529
916533
916536
916539
916541
916544
916547
916548
916550
916551
916554
916555
916556
916565
916566
916570
916574
916575
916576
916581
916582
916583
916586
916596
916597
916603
916604
916499
916563
916571
916599
916497
916500
916503
916504
916509
916513
916514
916516
916517
916518
916520
916523
916524
916525
916531
916534
916540
916545
916546
916553
916559
916561
916562
916568
916569
916572
916585
916587
916588
916589
916590
916591
916593
916598
916601
916602
916538
916573
916578
916507
916537
916511
916549
916552
916506
916532
916567
916492
916521
916527
916535
916543
916557
916577
916584
916592
916595
916558
916560