944388
944560
944591
944593
944595
944548
944547
944601
944574
944585
944531
944559
944571
944575
944581
944597
944539
944534
944586
944600
944556
944582
944542
944537
944541
944543
944551
944552
944553
944554
944557
944566
944567
944570
944584
944590
944596
944598
944604
944536
944550
944592
944599
944605
944529
944532
944568
944587
944594
944562
944583
944538
944545
944569
944576
944540
944544
944549
944555
944578
944603
944530
944533
944535
944564
944573
944579
944580
944588
944606
944558
944561
944563
944565
944572
944577
944589
944602