946495
976373
976374
976375
976376
976377
976379
976380
976378
976381
976382
976383
976384
976385
976386
976387
976388
976389
976390
976391
976393
976394
976392
976395
976397
976398
976396
976399
976400
976401
976402
976403
976404
976405
976406
976407
976408
976409
976410
976411
976412
976413
976414
976415
976416
976417
976418
976419
976420
976421
976422
976423
976430
976433
976424
976425
976426
976427
976428
976429
976431
976432
976434
976435
976436
976437
976438
976439
976440
976441
976442
976443
976444
976450
976445
976446
976447
976448
976449
976451
976452
976453
976454
976455
976456
976457
976458
976459
976460
976461
976462
976463
976464