963633
963823
963824
963825
963826
963827
963828
963829
963830
963831
963832
963833
963834
963835
963836
963837
963838
963839
963840
963841
963842
963844
963845
963846
963847
963843
963848
963849
963850
963851
963852
963853
963854
963855
963856
963857
963858
963859
963860
963861
963862
963863
963864
963865
963866
963867
963879
963880
963868
963869
963870
963871
963872
963873
963874
963875
963876
963877
963878
963881
963882
963883
963884
963885
963886
963887
963888
963889
963890
963891
963896
963897
963892
963893
963894
963895
963898
963899
963900
963901
963902
963903
963904