965504
965561
965562
965563
965564
965565
965566
965567
965568
965571
965569
965570
965572
965573
965574
965575
965576
965577
965578
965579
965580
965581
965582
965583
965584
965585
965588
965589
965590
965591
965592
965586
965587
965594
965593
965595
965596
965597
965598
965599
965600
965601
965602
965603
965604
965605
965606
965608
965611
965612
965613
965616
965617
965607
965609
965610
965614
965615
965618
965619
965620
965621
965622
965623
965624
965625
965626
965627
965628
965629
965630
965631
965632
965633
965634
965635