966771
968410
968411
968412
968413
968414
968415
968416
968417
968418
968419
968420
968421
968422
968423
968424
968425
968426
968427
968428
968429
968430
968433
968434
968435
968436
968437
968438
968431
968432
968439
968440
968441
968442
968443
968444
968445
968446
968447
968448
968449
968450
968451
968452
968453
968454
968462
968463
968474
968455
968456
968457
968458
968459
968460
968461
968464
968465
968466
968467
968468
968469
968470
968471
968472
968473
968475
968476
968477
968478
968479
968484
968480
968481
968482
968483
968485
968486
968487
968488
968489
968490
968491
968492
968493