983407
976776
976777
976778
976779
976780
976781
976782
976783
976784
976785
976786
976787
976788
976789
976790
976791
976792
976793
976794
976795
976796
976797
976798
976799
976800
976801
976802
976803
976804
976805
976806
976807
976808
976812
976813
976814
976815
976816
976817
976818
976819
976820
976821
976822
976823
976809
976810
976811
976824
976825
976826
976827
976828
976829
976831
976832
976833
976834
996553
976835
976836
976842
976843
976844
976845
976846
976847
976848
976849
976850
976851
976852
976837
976838
976839
976840
976841
976853
976854
976855
976856
976857
976858
976859
976860
976861
976862
976863
976864
976874
976875
976876
976865
976866
976867
976868
976869
976870
976871
976872
976873
976877
976878
976879
976880
976881
976882
976883
976884