981049
985049
985050
985051
985052
985053
985054
985055
985056
985057
985058
984996
984998
984999
985008
985009
985010
985011
985012
985013
985014
985015
985016
985017
985018
985019
984997
985025
985026
985023
985024
985033
985045
984995
984981
984982
984983
985027
985028
985029
985030
985031
985032
985034
985038
985039
985040
984984
984985
984986
985000
985001
985002
985003
985020
985021
985022
985041
985042
985043
985044
985035
985036
985037
985004
985005
985006
985007
984987
984988
984989
984990
984991
984992
984993
984994
985046
985047