882681
882725
882684
882709
882716
882719
882729
882732
882735
882669
882698
882723
882738
882741
882708
882685
882696
882711
882675
882700
882702
882705
882722
882740
882670
882730
882739
882679
882671
882692
882683
882687
882693
882668
882676
882704
882707
882726
882695
882673
882697
882715
882720
882727
882737
882682
882689
882706
882736
882672
882678
882686
882688
882703
882710
882712
882713
882714
882734
882674
882677
882680
882690
882691
882694
882699
882701
882717
882718
882721
882724
882728
882731
882733