927578
927553
927599
927533
927550
927574
927577
927589
927532
927542
927572
927580
927598
927555
927582
927564
927536
927559
927601
927545
927575
927546
927587
927547
927579
927529
927552
927561
927585
927539
927565
927581
927594
927540
927584
927535
927596
927554
927557
927600
927530
927534
927537
927541
927543
927544
927548
927549
927562
927566
927569
927570
927571
927573
927583
927588
927590
927591
927593
927602
927531
927538
927551
927556
927558
927560
927563
927567
927568
927576
927586
927592
927595
927597
927603