939582
939592
939614
939631
939642
939619
939621
939605
939612
939616
939640
939596
939608
939585
939583
939611
939613
939617
939626
939597
939620
939628
939587
939580
939584
939586
939589
939591
939602
939604
939609
939615
939639
939644
939647
939648
939588
939629
939637
939645
939577
939598
939600
939630
939581
939593
939594
939632
939638
939618
939578
939590
939599
939601
939606
939607
939623
939624
939627
939633
939636
939625
939595
939646
939603
939622
939643
939641
939579
939610
939634
939635