951793
951794
951795
951796
951797
951798
951799
951800
951801
951802
951803
951804
951805
951806
951809
951810
951811
951812
951813
951814
951807
951808
951815
951816
951817
951818
951819
951820
951821
951822
951823
951824
951825
951826
951827
951828
951833
951829
951830
951831
951832
951834
951835
951836
951837
951838
951839
951840
951841
951842
951843
951844
951845
951846
951847
951848
951849
951850
951856
951857
951858
951851
951852
951853
951854
951855
951859
951860
951861
951862
951863
951864
951865