953745
953746
953747
953748
953749
953750
953751
953752
953753
953754
953755
953756
953757
953758
953759
953760
953761
953762
953763
953764
953765
953766
953770
953771
953772
953773
953774
953775
953767
953768
953769
953777
953778
953779
953780
953781
953776
953782
953783
953784
953785
953786
953787
953788
953789
953790
953791
953792
953793
953794
953795
953796
953797
953798
953799
953800
953807
953814
953819
953801
953802
953803
953804
953805
953806
953808
953809
953810
953811
953812
953813
953815
953816
953817
953818
953820
953821
953822
953831
953832
953823
953824
953825
953826
953827
953828
953829
953830
953833
953834
953835
953836
953837
953838
953839
953840
953841
953842
953843