967111
967112
967113
967114
967115
967116
967117
967118
967119
967123
967120
967121
967122
967124
967125
967126
967127
967128
967129
967130
967131
967132
967133
967134
967135
967136
967137
967138
967139
967140
967143
967144
967145
967146
967147
967141
967142
967148
967149
967151
967152
967153
967154
967155
967150
967156
967157
967158
967159
967160
967161
967162
967163
967164
967165
967166
967173
967174
967175
967167
967168
967169
967170
967171
967172
967176
967177
967178
967179
967180
967181
967182
967193
967194
967195
967183
967184
967185
967186
967187
967188
967189
967190
967191
967192
967196
967197
967198
967199