978155
978156
978157
978158
978159
978160
978161
978162
978163
978164
978165
978166
978167
978168
978169
978170
978171
978172
978173
978174
978175
978176
978177
978178
978179
978180
978181
978182
978183
978184
978185
978186
978187
978188
978189
978190
978192
978191
978193
978194
978195
978196
978197
978198
978199
978200
978201
978202
978203
978204
978205
978206
978207
978208
978209
978210
978211
978212
978216
978213
978214
978215
978217
978218
978219
978220
978221
978222
978223
978224
978225
978226
978227
978228