978798
978799
978800
978801
978802
978803
978804
978805
978806
978807
978808
978809
978810
978811
978812
978813
978814
978815
978816
978817
978818
978819
978820
978821
978822
978823
978824
978825
978826
978827
978828
978829
978830
978831
978832
978833
978834
978835
978836
978837
978838
978839
978840
978841
978842
978843
978844
978845
978846
978847
978848
978849
978850
978851
978852
978853
978854
978865
978855
978856
978857
978858
978859
978860
978861
978862
978863
978864
978866
978867
978868
978869
978870
978871
978872
978873
978874
978875
978884
978885
978886
978887
978888
978876
978877
978878
978879
978880
978881
978882
978883
978889
978890
978891
978892
978893
978894
978895
978896
978897
978898
978899