983319
983320
983321
983322
983323
983324
983325
983326
983327
983328
983329
983264
983265
983252
983253
983254
983255
983251
983303
983304
983306
983305
983266
983267
983268
983269
983270
983271
983272
983311
983312
983313
983314
983315
983316
983256
983262
983263
983257
983258
983259
983260
983273
983288
983289
983317
983291
983292
983293
983294
983302
983301
983295
983300
983296
983297
983298
983299
983290
983318
983274
983275
983276
983277
983278
983279
983280
983281
983282
983283
983284
983285
983286
983287
983308
983309
983310