986004
986005
986006
986007
986008
986009
986010
986011
986012
986013
985947
985948
985940
985941
985942
985943
985939
985990
985949
985951
985952
985953
985954
985955
985956
985957
985958
985991
986002
986003
985944
985945
985946
985992
985993
985994
985995
985959
985963
985961
985960
985962
985978
985979
985980
985981
985989
985988
985987
985982
985983
985984
985985
985986
985964
985965
985966
985967
985968
985969
985970
985971
985972
985973
985974
985975
985976
985977
985996
985997
985998
985999
986000
986001