968203
968204
968205
968206
968207
968208
968209
968210
968211
968212
968213
968214
968215
968216
968217
968218
968219
968220
968221
968222
968223
968224
968225
968226
968227
968229
968230
968228
968231
968232
968233
968234
968235
968236
968237
968238
968245
968246
968247
968249
968250
968253
968239
968240
968241
968242
968243
968244
968248
968251
968252
968254
968255
968256
968257
968258
968259
968260
968261
968262
968263
968264
968265
968266
968275
968276
968267
968268
968269
968270
968271
968272
968273
968274
968277
968278
968279
968280
968281
968282