975519
975520
975521
975522
975523
975524
975525
975526
975527
975528
975529
975530
975531
975532
975533
975534
975535
975536
975537
975538
975539
975540
975541
975542
975543
975544
975545
975546
975547
975548
975549
975550
975551
975552
975553
975554
975555
975556
975557
975558
975559
975560
975561
975567
975568
975569
975578
975562
975563
975564
975565
975566
975570
975571
975572
975573
975574
975575
975576
975577
975579
975580
975581
975582
975583
975589
975590
975584
975585
975586
975587
975588
975591
975592
975593
975594
975595
975596
975597
975598
975599
975600
975601