980055
980056
980057
980058
980059
980060
980061
980062
980063
980064
980065
980066
980067
980068
980069
980070
980071
980072
980073
980074
980075
980076
980077
980078
980079
980080
980081
980082
980083
980084
980085
980086
980087
980088
980089
980090
980091
980092
980093
980094
980095
980096
980097
980098
980099
980100
980101
980102
980103
980104
980105
980107
980106
980108
980109
980119
980120
980110
980111
980112
980113
980114
980115
980116
980117
980118
980121
980122
980123
980124
980125
980126
980127
980131
980128
980129
980130
980132
980133
980134